date t temp ph ox ortp nh4 no silica cod bod phyto chla chlor dyno chrys crip daph eudi cyc daph_lit light ortp_krivica ortp_misca ortp_radovna q_jezernica q_krivica q_misca q_radovna q_natega diat light_m
36983 730943 7.785 7.955 12.23333333 0.019833333 0.021666667 1.19 0.316666667 1.5 2.4 6.115975 0.016071875 0 0.006666667 2.6675 0.243225 0.001428333 1.388333333 1.545 0.049991667 222.1884 0.038792494 0.12022911 0.015549051 103680 1814.4 18662.4 34560 19324.8 2.67 166.78872
36984 730944 7.790135237 7.956037007 12.24136759 0.019824525 0.021666667 1.189320949 0.317587561 1.500960933 2.399439456 6.11365691 0.016068653 0 0.006941066 2.680595589 0.244393166 0.001422656 1.365901172 1.545153549 0.049792961 224.154 0.038676978 0.12083719 0.015260151 97632 1814.4 16156.8 34560 19324.8 2.664 180.37404
36985 730945 7.805255168 7.959067483 12.24885443 0.019798783 0.021666667 1.187325589 0.320278717 1.503769096 2.397801361 6.106822283 0.016059122 0 0.007754911 2.693899211 0.245956787 0.001410643 1.340528019 1.545294849 0.049372502 226.1196 0.038566601 0.12138062 0.014991177 91584 1814.4 16156.8 34560 19324.8 2.6463 220.35888
36986 730946 7.829931127 7.963970612 12.25583121 0.019757135 0.021666667 1.18407661 0.324632847 1.508312536 2.39515102 6.095650582 0.016043487 0 0.009094173 2.70737578 0.247898702 0.001392682 1.312428291 1.545424699 0.048743874 228.0852 0.038461144 0.121854335 0.014745777 86400 2419.2 18662.4 34560 19324.8 2.6178 232.22052
36987 730947 7.863734447 7.970625578 12.2623353 0.019700606 0.021666667 1.179636702 0.330542663 1.5144793 2.391553741 6.080321269 0.016021951 0 0.01094482 2.720990213 0.250201754 0.001369162 1.281816403 1.545543904 0.04792066 230.0508 0.038360388 0.122253273 0.014527597 86400 2419.2 16156.8 34560 19324.8 2.579 47.1744
36988 730948 7.90623646 7.978911565 12.26840404 0.019630224 0.021666667 1.174068554 0.337900875 1.522157434 2.38707483 6.061013808 0.015994719 0 0.013292825 2.734707426 0.252848782 0.00134047 1.24890677 1.545653263 0.046916444 232.0038 0.038264114 0.122572372 0.014340283 81129.6 2419.2 18662.4 34560 19324.8 2.5308 132.3378
36989 730949 7.957008499 7.988707755 12.2740748 0.019547013 0.021666667 1.167434855 0.346600194 1.531234985 2.381779592 6.03790766 0.015961994 0 0.016124156 2.748492336 0.255822628 0.001306995 1.213913807 1.54575358 0.045744811 233.9694 0.038172104 0.122806568 0.014187481 121824 3110.4 29980.8 34560 19324.8 2.4738 108.22896
36990 730950 8.015621897 7.999893333 12.27938495 0.019452 0.021666667 1.159798296 0.356533333 1.5416 2.375733333 6.01118229 0.015923981 0 0.019424785 2.762309857 0.259106134 0.001269124 1.17705193 1.545845655 0.044419344 235.9224 0.038084139 0.122950798 0.014072838 103680 3110.4 24105.6 34560 19324.8 2.4086 93.96324
36991 730951 8.081647987 8.012347483 12.28437182 0.019346212 0.021666667 1.151221567 0.367593003 1.553140525 2.369001361 5.981017159 0.015880884 0 0.023180682 2.776124906 0.262682139 0.001227246 1.138535555 1.545930292 0.042953626 237.8754 0.038 0.123 0.014 81129.6 2419.2 24105.6 34560 19324.8 2.3361 121.58748
36992 730952 8.154658101 8.025949388 12.2890728 0.019230674 0.021666667 1.141767356 0.379671914 1.565744606 2.36164898 5.947591732 0.015832906 0 0.027377817 2.7899024 0.266533484 0.00118175 1.098579096 1.546008291 0.041361242 239.8158 0.037917786 0.12296557 0.013949833 81129.6 2419.2 21340.8 34560 19324.8 2.2569 143.40564
36993 730953 8.234223573 8.040578231 12.29352523 0.019106414 0.021666667 1.131498354 0.392662779 1.579300292 2.353741497 5.91108547 0.015780252 0 0.03200216 2.803607253 0.270643012 0.001133022 1.057396969 1.546080454 0.039655776 241.7688 0.037835816 0.122864806 0.01390078 91584 2419.2 21340.8 34560 19324.8 2.1718 135.83052
36994 730954 8.319915735 8.056113197 12.29776647 0.018974457 0.021666667 1.120477249 0.406458309 1.593695627 2.345344218 5.871677836 0.015723126 0 0.037039682 2.817204383 0.274993562 0.001081452 1.015203589 1.546147584 0.037850811 243.7092 0.037754204 0.122701498 0.013852858 81129.6 1814.4 18662.4 34560 19324.8 2.0813 281.14128
36995 730955 8.41130592 8.072433469 12.30183388 0.018835829 0.021666667 1.108766733 0.420951215 1.608818659 2.336522449 5.829548294 0.015661732 0 0.042476353 2.830658705 0.279567976 0.001027427 0.972213372 1.546210481 0.035959931 245.637 0.037673063 0.122479439 0.013806079 76032 1814.4 18662.4 34560 19324.8 1.9863 287.67312
36996 730956 8.507965461 8.089418231 12.30576483 0.018691557 0.021666667 1.096429494 0.436034208 1.624557434 2.327341497 5.784876306 0.015596273 0 0.048298143 2.843935135 0.284349094 0.000971335 0.928640734 1.546269949 0.03399672 247.5648 0.037592507 0.122202416 0.01376046 76032 1814.4 18662.4 34560 19324.8 1.8874 183.5750847
36997 730957 8.60946569 8.106946667 12.30959666 0.018542667 0.021666667 1.083528223 0.4516 1.6408 2.317866667 5.737841336 0.015526955 0 0.054491023 2.856998589 0.289319757 0.000913565 0.884700088 1.546326788 0.031974761 249.4926 0.037512648 0.121874223 0.013716014 76032 2419.2 18662.4 34560 19324.8 1.7854 27.30672
36998 730958 8.715377941 8.124897959 12.31336675 0.018390185 0.021666667 1.070125608 0.467541302 1.657434402 2.308163265 5.688622845 0.01545398 0 0.061040963 2.869813983 0.294462807 0.000854504 0.840605852 1.546381801 0.02990764 251.4078 0.037433599 0.121498648 0.013672757 76032 1814.4 16156.8 34560 19324.8 1.6808 255.15
36999 730959 8.825273546 8.143151293 12.31711244 0.018235137 0.021666667 1.05628434 0.483750826 1.674348688 2.298296599 5.637400298 0.015377553 0 0.067933933 2.882346234 0.299761085 0.000794541 0.79657244 1.54643579 0.027808939 253.3104 0.037355473 0.121079482 0.013630702 76032 1814.4 16156.8 34560 19324.8 1.5746 276.67332
37000 730960 8.938723839 8.16158585 12.3208711 0.01807855 0.021666667 1.042067107 0.500121283 1.691430904 2.288331973 5.584353156 0.015297878 0 0.075155904 2.894560257 0.30519743 0.000734064 0.752814267 1.546489555 0.025692242 255.213 0.037278384 0.120620516 0.013589864 76032 2419.2 16156.8 34560 19324.8 1.4672 276.31044
37001 730961 9.055300151 8.180080816 12.32468008 0.01792145 0.021666667 1.027536601 0.516545384 1.708569096 2.278334694 5.529660883 0.015215159 0 0.082692846 2.906420969 0.310754685 0.000673461 0.70954575 1.5465439 0.023571133 257.103 0.037202445 0.12012554 0.013550259 97632 2419.2 18662.4 34560 19324.8 1.3596 287.49168
37002 730962 9.174573816 8.198515374 12.32857675 0.017764863 0.021666667 1.01275551 0.532915841 1.725651312 2.268370068 5.473502941 0.015129601 0 0.090530729 2.917893284 0.31641569 0.00061312 0.666981303 1.546599626 0.021459197 258.993 0.037127769 0.119598346 0.0135119 97632 2419.2 18662.4 34560 19324.8 1.2522 280.4382
37003 730963 9.296116166 8.216768707 12.33259847 0.017609815 0.021666667 0.997786525 0.549125364 1.742565598 2.258503401 5.416058794 0.015041406 0 0.098655524 2.92894212 0.322163286 0.000553429 0.625335341 1.546657534 0.019370016 260.8704 0.037054468 0.119042722 0.013474803 91584 2419.2 13651.2 34560 19324.8 1.146 298.21932
37004 730964 9.419498535 8.23472 12.33678258 0.017457333 0.021666667 0.982692334 0.565066667 1.7592 2.2488 5.357507904 0.014950779 0 0.107053201 2.939532393 0.327980314 0.000494776 0.584822281 1.546718427 0.017317174 262.7352 0.036982657 0.11846246 0.013438981 76032 1814.4 13651.2 34560 19324.8 1.0415 215.50536
37005 730965 9.544292255 8.252248435 12.34116645 0.017308443 0.021666667 0.967535628 0.580632459 1.775442566 2.23932517 5.298029734 0.014857925 0 0.11570973 2.949629017 0.333849615 0.00043755 0.545656537 1.546783106 0.015314256 264.5874 0.036912448 0.117861351 0.013404449 76032 1814.4 13651.2 34560 19324.8 0.93941 175.29372
37006 730966 9.670068659 8.269233197 12.34578745 0.017164171 0.021666667 0.952379096 0.595715452 1.791181341 2.230144218 5.237803747 0.014763047 0 0.124611082 2.959196911 0.33975403 0.000382138 0.508052526 1.546852374 0.013374846 266.427 0.036843954 0.117243184 0.013371223 76032 1814.4 13651.2 34560 19324.8 0.84052 216.04968
37007 730967 9.79639908 8.285553469 12.35068292 0.017025543 0.021666667 0.937285427 0.610208358 1.806304373 2.221322449 5.177009406 0.014666348 0 0.133743227 2.968200988 0.3456764 0.000328929 0.472224661 1.546927031 0.011512526 268.254 0.036777289 0.116611751 0.013339317 81129.6 1814.4 18662.4 34560 19324.8 0.7455 73.91412
37008 730968 9.92285485 8.301088435 12.35589023 0.016893586 0.021666667 0.922317312 0.624003887 1.820699708 2.21292517 5.115826174 0.014568035 0 0.143092135 2.976606167 0.351599566 0.000278311 0.438387359 1.547007881 0.009740882 270.081 0.036712565 0.115970841 0.013308744 86400 2419.2 18662.4 34560 19324.8 0.65506 87.885
37009 730969 10.0490073 8.315717279 12.36144674 0.016769326 0.021666667 0.907537441 0.636994752 1.834255394 2.205017687 5.054433514 0.014468309 0 0.152643777 2.984377361 0.357506368 0.000230671 0.406755035 1.547095724 0.008073496 271.8954 0.036649895 0.115324245 0.013279521 81129.6 2419.2 13651.2 34560 19324.8 0.56989 126.53172
37010 730970 10.17442777 8.329319184 12.3673898 0.016653788 0.021666667 0.893008502 0.649073664 1.846859475 2.197665306 4.993010888 0.014367376 0 0.162384122 2.991479488 0.363379649 0.000186399 0.377542104 1.547191363 0.006523953 273.6846 0.036589394 0.114675755 0.013251661 81129.6 1814.4 13651.2 34560 19324.8 0.4907 184.36572
37011 730971 10.29868759 8.341773333 12.37375677 0.016548 0.021666667 0.878793186 0.660133333 1.8584 2.190933333 4.931737759 0.014265439 0 0.172299142 2.997877464 0.369202247 0.000145881 0.350962983 1.547295599 0.005105836 275.4738 0.036531173 0.114029159 0.013225179 81129.6 1814.4 13651.2 34560 19324.8 0.41819 254.85516
37012 730972 10.42135808 8.352958912 12.38058502 0.016452987 0.021666667 0.864954182 0.670066472 1.868765015 2.184887075 4.870793591 0.014162702 0 0.182374806 3.003536205 0.374957006 0.000109507 0.327232085 1.547409234 0.003832729 277.2378 0.036475346 0.113388249 0.01320009 76032 1814.4 13651.2 34560 21859.2 0.35307 217.0476
37013 730973 10.54201059 8.362755102 12.3879119 0.016369776 0.021666667 0.851554179 0.678765792 1.877842566 2.179591837 4.810357845 0.01405937 0 0.192597085 3.008420625 0.380626765 7.76633E-05 0.306563827 1.547533071 0.002718217 278.9892 0.036422027 0.112756816 0.013176408 76032 1814.4 13651.2 34560 21859.2 0.29603 189.24192
37014 730974 10.66021645 8.371041088 12.39577477 0.016299394 0.021666667 0.838655868 0.686124004 1.8855207 2.175112925 4.750609986 0.013955646 0 0.20295195 3.012495643 0.386194365 5.07395E-05 0.289172623 1.54766791 0.001775882 280.7406 0.036371327 0.112138649 0.013154149 81129.6 1814.4 13651.2 34560 21859.2 0.24779 296.35956
37015 730975 10.77554699 8.377696054 12.40421099 0.016242865 0.021666667 0.826321939 0.692033819 1.891687464 2.171515646 4.691729476 0.013851735 0 0.21342537 3.015726173 0.391642648 2.91231E-05 0.27527289 1.547814554 0.00101931 282.4668 0.036323361 0.11153754 0.013133325 86400 1814.4 13651.2 34560 21859.2 0.20905 300.03372
37016 730976 10.88757354 8.382599184 12.41325792 0.016201217 0.021666667 0.81461508 0.696387949 1.896230904 2.168865306 4.633895777 0.01374784 0 0.224003316 3.018077132 0.396954454 1.32024E-05 0.265079043 1.547973805 0.000462082 284.1678 0.036278241 0.110957278 0.013113953 86400 1814.4 13651.2 34560 21859.2 0.1805 135.49032
37017 730977 10.99586743 8.38562966 12.42295291 0.016175475 0.021666667 0.803597982 0.699079106 1.899039067 2.167227211 4.577288353 0.013644166 0 0.234671758 3.019513436 0.402112624 3.36527E-06 0.258805497 1.548146464 0.000117785 285.8688 0.036236081 0.110401654 0.013096047 115776 2419.2 13651.2 34560 21859.2 0.16286 196.43148
37018 730978 11.1 8.386666667 12.43333333 0.016166667 0.021666667 0.793333333 0.7 1.9 2.166666667 4.522086667 0.013540917 0 0.245416667 3.02 0.4071 0 0.256666667 1.548333333 0 287.5446 0.036196994 0.10987446 0.013079621 83635.2 2419.2 13651.2 34560 21859.2 0.15682 231.336
37019 730979 11.20301726 8.385771247 12.44891474 0.016170089 0.021623087 0.783564526 0.698630345 1.89937743 2.167570457 4.466498395 0.013428599 0.000264592 0.257882579 3.009148597 0.41218759 5.37E-08 0.257834524 1.548749156 1.88E-06 289.2078 0.036161092 0.109379484 0.013064691 83635.2 1814.4 13651.2 34560 21859.2 0.16429 166.49388
37020 730980 11.30812774 8.383170402 12.47372174 0.016180134 0.021496599 0.773984131 0.694655005 1.897570457 2.170223518 4.408717983 0.013298617 0.001032556 0.273539977 2.977653061 0.417630647 2.14395E-07 0.261311842 1.549603889 7.50E-06 290.8458 0.036128489 0.108920518 0.013051269 77500.8 1814.4 13651.2 34560 21859.2 0.18598 318.06432
37021 730981 11.41514654 8.378992252 12.50705524 0.016196465 0.02129358 0.764578606 0.688274417 1.89467019 2.174538387 4.348905042 0.013152517 0.002265169 0.292113753 2.927101403 0.423388376 4.81496E-07 0.267059241 1.550891158 1.69E-05 292.4712 0.036099298 0.108501352 0.013039372 71625.6 1814.4 13651.2 34560 21859.2 0.2208 274.24656
37022 730982 11.52388876 8.373364917 12.54821615 0.016218747 0.021020408 0.755334411 0.679689018 1.890767736 2.1804276 4.287219186 0.012991845 0.003923712 0.313328794 2.859081633 0.429419981 8.54406E-07 0.275037341 1.552604588 2.99E-05 294.084 0.036073632 0.108125777 0.013029014 71625.6 1814.4 13651.2 34560 21859.2 0.26764 76.45428
37023 730983 11.63416951 8.366416519 12.59650537 0.016246645 0.020683461 0.746238005 0.669099247 1.885954203 2.187803693 4.223820027 0.012818149 0.005969464 0.336909992 2.77518176 0.435684669 1.33253E-06 0.285206761 1.554737804 4.66E-05 295.6716 0.036051605 0.107797584 0.01302021 66009.6 1814.4 11232 34560 21859.2 0.32542 113.55876
37024 730984 11.74580389 8.358275176 12.65122382 0.016279823 0.020289116 0.737275848 0.656705539 1.8803207 2.196579203 4.158867177 0.012632976 0.008363703 0.362582236 2.676989796 0.442141644 1.91527E-06 0.297528121 1.557284431 6.70E-05 297.234 0.036033329 0.107520561 0.013012973 60652.8 1814.4 11232 34560 21859.2 0.39305 238.151833
37025 730985 11.85860701 8.34906901 12.71167241 0.016317945 0.01984375 0.728434399 0.642708333 1.873958333 2.206666667 4.09252025 0.012437871 0.011067708 0.390070416 2.56609375 0.448750112 2.60204E-06 0.311962041 1.560238093 9.11E-05 298.7838 0.036018917 0.107298502 0.013007319 60652.8 1814.4 13651.2 34560 21859.2 0.46942 329.17752
37026 730986 11.97239397 8.338926142 12.77715205 0.016360677 0.019353741 0.719700116 0.627308066 1.866958212 2.21797862 4.024938857 0.012234382 0.01404276 0.419099421 2.444081633 0.455469277 3.39224E-06 0.32846914 1.563592416 0.000118728 300.321 0.036008483 0.107135194 0.013003263 60652.8 1814.4 13651.2 34560 21859.2 0.55345 192.213
37027 730987 12.08697987 8.327974691 12.84696365 0.016407682 0.018825468 0.711059459 0.610705175 1.859411443 2.2304276 3.956282611 0.012024056 0.017250137 0.449394143 2.312541454 0.462258345 4.28527E-06 0.347010039 1.567341025 0.000149984 301.8204 0.03600214 0.10703443 0.013000818 60652.8 1814.4 13651.2 34560 21859.2 0.64404 293.95548
37028 730988 12.20217983 8.316342778 12.92040812 0.016458626 0.018265306 0.702498888 0.593100097 1.851409135 2.243926142 3.886711125 0.011808439 0.020651118 0.480679469 2.173061224 0.469076521 5.28054E-06 0.367545358 1.571477544 0.000184819 303.3072 0.036 0.107 0.013 60652.8 1814.4 13651.2 34560 21859.2 0.7401 318.26844
37029 730989 12.31780893 8.304158524 12.99678637 0.016513173 0.017679634 0.694004861 0.57469327 1.843042396 2.258386783 3.816384012 0.011589078 0.024206982 0.512680291 2.027228954 0.475883009 6.37745E-06 0.390035715 1.575995598 0.000223211 304.7688 0.036107456 0.107228928 0.013009344 60652.8 1814.4 11232 34560 21859.2 0.84053 279.93924
37030 730990 12.4336823 8.291550049 13.0753993 0.016570987 0.01707483 0.685563837 0.555685131 1.834402332 2.27372206 3.745460883 0.01136752 0.027879009 0.545121499 1.876632653 0.482637016 7.57542E-06 0.414441731 1.580888813 0.00026514 306.2178 0.036418048 0.107890624 0.013036352 60652.8 1814.4 11232 34560 21859.2 0.94424 211.12812
37031 730991 12.54961502 8.278645473 13.15554784 0.016631733 0.01645727 0.677162277 0.536276118 1.825580053 2.289844509 3.674101353 0.011145312 0.031628477 0.577727981 1.722860332 0.489297746 8.87383E-06 0.440724026 1.586150813 0.000310584 307.6416 0.036914112 0.108947456 0.013079488 71625.6 1814.4 11232 34560 21859.2 1.0501 261.79524
37032 730992 12.66542221 8.265572917 13.23653289 0.016695076 0.015833333 0.668786638 0.516666667 1.816666667 2.306666667 3.602465032 0.010924 0.035416667 0.610224629 1.5675 0.495824405 1.02721E-05 0.468843219 1.591775223 0.000359524 309.0276 0.037577984 0.110361792 0.013137216 60652.8 1814.4 13651.2 34560 21859.2 1.1571 75.02544
37033 730993 12.78091897 8.252460501 13.31765535 0.01676068 0.015209396 0.660423381 0.497057216 1.80775328 2.324101069 3.530711535 0.010705131 0.039204856 0.642336331 1.412139668 0.502176197 1.17697E-05 0.498759931 1.597755669 0.000411938 310.401 0.038392 0.112096 0.013208 55641.6 1814.4 13651.2 34560 21859.2 1.2641 235.305
37034 730994 12.8959204 8.239436346 13.39821615 0.016828209 0.014591837 0.652058964 0.477648202 1.798931001 2.342060253 3.459000472 0.010490253 0.042954325 0.673787978 1.258367347 0.508312328 1.33659E-05 0.53043478 1.604085774 0.000467805 311.7492 0.039338496 0.114112448 0.013290304 41990.4 1814.4 11232 34560 21859.2 1.37 206.70552
37035 730995 13.01024161 8.226628572 13.47751618 0.016897329 0.013987032 0.643679847 0.458640063 1.790290938 2.360456754 3.387491458 0.010280911 0.046626351 0.704304459 1.107771046 0.514192003 1.50601E-05 0.563828387 1.610759165 0.000527105 313.0722 0.040399808 0.116373504 0.013382592 37843.2 1814.4 11232 34560 21859.2 1.4737 208.02096
37036 730996 13.1236977 8.2141653 13.55485636 0.016967704 0.013401361 0.635272489 0.440233236 1.781924198 2.37920311 3.316344104 0.010078653 0.050182216 0.733610665 0.961938776 0.519774428 1.68519E-05 0.598901372 1.617769465 0.000589817 314.37 0.041558272 0.118841536 0.013483328 37843.2 1814.4 11232 34560 21859.2 1.5742 290.62152
37037 730997 13.23610378 8.20217465 13.62953761 0.017038998 0.012841199 0.626823348 0.422628158 1.77392189 2.398211856 3.245718023 0.009885025 0.053583197 0.761431485 0.822458546 0.525018806 1.87406E-05 0.635614353 1.6251103 0.000655919 315.6426 0.042796224 0.121478912 0.013590976 37843.2 1814.4 11232 34560 21859.2 1.6702 341.42472
37038 730998 13.34727495 8.190784742 13.70086082 0.017110876 0.012312925 0.618318885 0.406025267 1.766375121 2.41739553 3.175772829 0.009701574 0.056790573 0.787491809 0.690918367 0.529884343 2.07255E-05 0.673927952 1.632775295 0.000725392 316.89 0.044096 0.124248 0.013704 34041.6 1814.4 11232 34560 21859.2 1.7608 177.22152
37039 730999 13.45702631 8.180123698 13.76812692 0.017183002 0.011822917 0.609745559 0.390625 1.759375 2.436666667 3.106668132 0.009529848 0.059765625 0.811516527 0.56890625 0.534330246 2.28061E-05 0.713802788 1.640758075 0.000798214 318.1122 0.045439936 0.127111168 0.013820864 34041.6 1814.4 11232 34560 21859.2 1.8449 313.6644
37040 731000 13.56517296 8.170319637 13.8306368 0.017255041 0.011377551 0.601089828 0.376627794 1.753012634 2.455937804 3.038563546 0.009371392 0.062469631 0.833230529 0.458010204 0.538315717 2.49819E-05 0.755199481 1.649052265 0.000874365 319.2966 0.046810368 0.130030784 0.013940032 34041.6 1814.4 11232 34560 21859.2 1.9212 322.66836
37041 731001 13.67153002 8.16150068 13.88769138 0.017326658 0.010983206 0.592338152 0.364234086 1.74737913 2.475121477 2.971618684 0.009227753 0.06486387 0.852358705 0.35981824 0.541799964 2.72521E-05 0.79807865 1.657651489 0.000953823 320.4684 0.048189632 0.132969216 0.014059968 34041.6 1814.4 11232 34560 21859.2 1.9889 207.99828
37042 731002 13.77591259 8.153794947 13.93859158 0.017397517 0.010646259 0.58347699 0.353644315 1.742565598 2.494130224 2.905993158 0.009100478 0.066909621 0.868625944 0.275918367 0.544742191 2.96162E-05 0.842400915 1.666549372 0.001036568 321.6024 0.049560064 0.135888832 0.014179136 34041.6 1814.4 11232 34560 21859.2 2.0466 129.88836
37043 731003 13.87813577 8.147330558 13.9826383 0.017467283 0.010373087 0.574492801 0.345058916 1.738663144 2.512876579 2.841846581 0.008991115 0.068568164 0.881757137 0.207898597 0.547101603 3.20737E-05 0.888126896 1.67573954 0.001122579 322.7112 0.050904 0.138752 0.014296 55641.6 3888 18662.4 34560 21859.2 2.0935 47.26512
37044 731004 13.97801466 8.142235635 14.01913244 0.01753562 0.010170068 0.565372045 0.338678328 1.735762877 2.531273081 2.779338565 0.008901209 0.069800777 0.891477173 0.157346939 0.548837405 3.46239E-05 0.935217213 1.685215618 0.001211835 323.7822 0.052203776 0.141521088 0.014409024 41990.4 3110.4 16156.8 34560 21859.2 2.1283 287.96796
37045 731005 14.07536437 8.138638298 14.04737493 0.017602193 0.01004358 0.55610118 0.334702988 1.733955904 2.549232264 2.718628722 0.008832308 0.070568741 0.897510941 0.125851403 0.549908802 3.72662E-05 0.983632485 1.694971229 0.001304316 324.8406 0.053441728 0.144158464 0.014516672 34041.6 1814.4 13651.2 34560 21859.2 2.15 328.86
37046 731006 14.17 8.136666667 14.06666667 0.017666667 0.01 0.546666667 0.333333333 1.733333333 2.566666667 2.659876667 0.008785958 0.070833333 0.899583333 0.115 0.550275 0.00004 1.033333333 1.705 0.0014 325.8612 0.054600192 0.146626496 0.014617408 22118.4 1814.4 13651.2 34560 21859.2 2.1575 199.56132
37047 731007 14.26209735 8.135603523 14.08109853 0.01773363 0.010007677 0.536760125 0.333333333 1.734080418 2.584062256 2.600873475 0.008752819 0.070652788 0.897431752 0.115588808 0.548606107 4.52966E-05 1.108509764 1.720240149 0.001585381 326.844 0.055661504 0.148887552 0.014709696 22118.4 1814.4 13651.2 34560 21859.2 2.1497 318.47256
37048 731008 14.35205707 8.134641149 14.09521684 0.017807431 0.010030202 0.526134917 0.333333333 1.736248785 2.601948545 2.539529566 0.008722388 0.070128766 0.891177736 0.117331306 0.543762245 5.55102E-05 1.230866363 1.745121131 0.001942856 327.8016 0.056608 0.150904 0.014792 22118.4 1814.4 11232 34560 21859.2 2.1271 283.88556
37049 731009 14.44003158 8.133771916 14.10900563 0.017887369 0.010066813 0.514870115 0.333333333 1.739729106 2.620303384 2.476183568 0.008694471 0.069287688 0.881122379 0.120191601 0.535987643 7.04646E-05 1.396635616 1.778873421 0.002466262 328.7214 0.057422016 0.152638208 0.014862784 22118.4 2419.2 13651.2 34560 21859.2 2.0909 128.43684
37050 731010 14.52617329 8.132988197 14.12244898 0.017972745 0.010116748 0.503044791 0.333333333 1.744412051 2.639104623 2.411174107 0.008668877 0.068155977 0.867566774 0.124133802 0.525526531 8.99838E-05 1.602050008 1.820727496 0.003149434 329.616 0.058085888 0.154052544 0.014920512 22118.4 2419.2 11232 34560 21859.2 2.0422 167.24232
37051 731011 14.6106346 8.132282363 14.13553093 0.018062858 0.010179247 0.490738016 0.333333333 1.75018829 2.658330113 2.344839808 0.008645409 0.066760052 0.850812015 0.129122017 0.512623135 0.000113892 1.843342026 1.869913834 0.003986211 330.4854 0.058581952 0.155109376 0.014963648 22118.4 1814.4 11232 34560 21859.2 1.982 257.44068
37052 731012 14.69356794 8.131646787 14.14823554 0.018157009 0.010253548 0.478028862 0.333333333 1.756948494 2.677957706 2.277519299 0.008623875 0.065126336 0.831159193 0.135120355 0.497521684 0.000142012 2.116744154 1.925662909 0.004970426 331.3044 0.058892544 0.155771072 0.014990656 22118.4 1814.4 11232 34560 21859.2 1.9116 352.37916
37053 731013 14.7751257 8.13107384 14.16054688 0.018254498 0.01033889 0.464996401 0.333333333 1.764583333 2.697965252 2.209551206 0.008604082 0.06328125 0.808909403 0.142092923 0.480466406 0.000174169 2.418488878 1.9872052 0.006095918 332.0982 0.059 0.156 0.015 34041.6 2419.2 13651.2 34560 21859.2 1.832 345.96072
37054 731014 14.8554603 8.130555894 14.17244898 0.018354625 0.010434512 0.451719704 0.333333333 1.772983479 2.718330602 2.141274154 0.008585835 0.061251215 0.784363737 0.15000383 0.461701531 0.000210186 2.744808685 2.053771183 0.007356521 332.8668 0.058941662 0.155783866 0.014997906 41990.4 3110.4 24105.6 34560 21859.2 1.7445 211.2642
37055 731015 14.93472415 8.130085321 14.18392591 0.01845669 0.010539652 0.438277843 0.333333333 1.782039602 2.739031606 2.073026772 0.00856894 0.059062652 0.75782329 0.158817185 0.441471285 0.000249888 3.09193606 2.124591333 0.008746073 333.585 0.058770918 0.155151961 0.014991677 41990.4 2419.2 13651.2 34560 21859.2 1.65 247.28004
37056 731016 15.01306965 8.129654494 14.19496173 0.018559993 0.010653549 0.42474989 0.333333333 1.791642371 2.760046116 2.005147684 0.008553205 0.056741983 0.729589152 0.168497096 0.420019898 0.000293097 3.456103488 2.198896128 0.010258409 334.278 0.058494173 0.154129028 0.014981395 37843.2 2419.2 18662.4 34560 21859.2 1.5498 341.96904
37057 731017 15.09064923 8.129255783 14.2055405 0.018663835 0.010775443 0.411214917 0.333333333 1.801682459 2.781351982 1.937975518 0.008538435 0.054315628 0.699962419 0.17900767 0.397591598 0.000339639 3.833543455 2.275916045 0.011887367 334.9332 0.058117833 0.152739812 0.014967141 46224 2419.2 13651.2 34560 21859.2 1.445 321.2622
37058 731018 15.16761528 8.128881562 14.21564626 0.018767515 0.010904571 0.397751994 0.333333333 1.812050534 2.802927056 1.8718489 0.008524436 0.05181001 0.669244183 0.190313017 0.374430612 0.000389337 4.220488447 2.35488156 0.013626782 335.5506 0.057648303 0.151009056 0.014948998 41990.4 2419.2 13651.2 34560 21859.2 1.3367 274.38264
37059 731019 15.24412023 8.128524201 14.22526307 0.018870333 0.011040172 0.384440194 0.333333333 1.822637269 2.824749187 1.807106456 0.008511016 0.049251549 0.637735537 0.202377245 0.35078117 0.000442014 4.613170949 2.435023149 0.01547049 336.1428 0.057091989 0.148961503 0.014927046 41990.4 2419.2 11232 34560 21859.2 1.226 319.85604
37060 731020 15.32031647 8.128176073 14.234375 0.018971591 0.011181485 0.371358588 0.333333333 1.833333333 2.846796227 1.744086812 0.008497979 0.046666667 0.605737575 0.215164461 0.3268875 0.000497495 5.007823447 2.515571289 0.017412328 336.6846 0.056455296 0.146621899 0.014901367 55641.6 3110.4 13651.2 34560 21859.2 1.114 224.25984
37061 731021 15.39635642 8.12782955 14.24296609 0.019070587 0.011327749 0.358586249 0.333333333 1.844029397 2.869046027 1.683128596 0.008485133 0.044081784 0.573551388 0.228638775 0.30299383 0.000555604 5.400678428 2.595756457 0.019446132 337.1886 0.055744629 0.144014987 0.014872043 46224 2419.2 13651.2 34560 21859.2 1.002 127.73376
37062 731022 15.4723925 8.127477003 14.25102041 0.019166622 0.011478203 0.346202247 0.333333333 1.854616132 2.891476437 1.624570433 0.008472284 0.041523324 0.541478072 0.242764295 0.279344388 0.000616164 5.787968376 2.674809129 0.021565738 337.6674 0.054966394 0.14116551 0.014839154 37843.2 1814.4 11232 34560 21859.2 0.89099 314.48088
37063 731023 15.5485771 8.127110805 14.258522 0.019258997 0.011632085 0.334285655 0.333333333 1.864984208 2.914065308 1.56875095 0.008459238 0.039017705 0.509818718 0.257505129 0.256183402 0.000679 6.165925777 2.751959782 0.023764983 338.0958 0.054126997 0.138098213 0.014802783 18835.2 1814.4 11232 34560 21859.2 0.78214 218.0682
37064 731024 15.62506264 8.126723327 14.26545493 0.019347011 0.011788634 0.322915544 0.333333333 1.875024295 2.936790492 1.516008774 0.008445801 0.036591351 0.47887442 0.272825385 0.233755102 0.000743934 6.530783117 2.826438892 0.026037703 338.4864 0.053232842 0.134837839 0.01476301 18835.2 1814.4 11232 34560 21859.2 0.67656 265.87764
37065 731025 15.70200153 8.126306942 14.27180325 0.019429964 0.011947089 0.312170986 0.333333333 1.884627065 2.959629838 1.46668253 0.00843178 0.034270681 0.448946271 0.288689171 0.212303715 0.000810792 6.878772881 2.897476937 0.028377734 338.8392 0.052290335 0.131409132 0.014719918 18835.2 1814.4 11232 34560 21859.2 0.57539 261.40968
37066 731026 15.77954618 8.125854021 14.27755102 0.019507156 0.012106688 0.302131052 0.333333333 1.893683188 2.982561198 1.421110845 0.008416981 0.032082119 0.420335364 0.305060596 0.192073469 0.000879397 7.206127556 2.964304391 0.030778912 339.1542 0.051305882 0.127836837 0.014673588 18835.2 1814.4 11232 34560 21859.2 0.47977 172.137881
37067 731027 15.85784901 8.125356936 14.28268229 0.019577888 0.012266671 0.292874814 0.333333333 1.902083333 3.005562422 1.379632346 0.00840121 0.030052083 0.393342792 0.321903769 0.173308594 0.000949574 7.509079626 3.026151733 0.033235074 339.4314 0.050285887 0.124145697 0.014624101 18835.2 1814.4 11232 34560 21859.2 0.39081 219.22488
37068 731028 15.93706241 8.12480806 14.28718112 0.01964146 0.012426275 0.284481345 0.333333333 1.909718173 3.028611362 1.342585659 0.008384273 0.028206997 0.368269649 0.339182797 0.156253316 0.001021144 7.783861578 3.082249439 0.035740056 339.6582 0.049236757 0.120360456 0.014571539 18835.2 1814.4 11232 34560 21859.2 0.30965 258.41592
37069 731029 16.01733881 8.124199763 14.29103157 0.019697172 0.01258474 0.277029715 0.333333333 1.916478377 3.051685868 1.31030941 0.008365978 0.026573281 0.345417027 0.35686179 0.141151865 0.001093934 8.026705897 3.131827985 0.038287694 339.8598 0.048164897 0.116505858 0.014515984 18835.2 1814.4 11232 34560 21859.2 0.23742 273.72492
37070 731030 16.0988306 8.123524419 14.29421769 0.019744324 0.012741305 0.270598996 0.333333333 1.922254616 3.07476379 1.283142226 0.008346129 0.025177357 0.32508602 0.374904854 0.128248469 0.001167766 8.233845069 3.174117848 0.040871825 340.011 0.047076712 0.112606646 0.014457516 18835.2 1814.4 11232 34560 21859.2 0.17525 300.26052
37071 731031 16.18169021 8.122774398 14.29672353 0.019782216 0.012895208 0.26526826 0.333333333 1.926937561 3.097822981 1.261422734 0.008324534 0.024045645 0.30757772 0.393276099 0.117787357 0.001242465 8.40151158 3.208349504 0.043486285 340.1118 0.045978607 0.108687566 0.014396217 37843.2 2419.2 16156.8 34560 21859.2 0.12426 193.21092
37072 731032 16.26607004 8.121942074 14.29853316 0.019810148 0.013045688 0.261116579 0.333333333 1.930417881 3.12084129 1.245489558 0.008300999 0.023204568 0.293193222 0.411939633 0.110012755 0.001317855 8.525937915 3.233753431 0.04612491 340.1748 0.044876988 0.104773359 0.014332169 34041.6 2419.2 13651.2 34560 21859.2 0.085594 193.27896
37073 731033 16.3521225 8.121019817 14.29963063 0.01982742 0.013191983 0.258223024 0.333333333 1.932586249 3.143796568 1.235681327 0.00827533 0.022680545 0.282233617 0.430859564 0.105168893 0.001393758 8.60335656 3.249560104 0.048781536 340.2 0.043778261 0.100888771 0.014265454 46224 2419.2 13651.2 34467.09677 21859.2 0.06037 289.46484
37074 731034 16.44 8.12 14.3 0.019833333 0.013333333 0.256666667 0.333333333 1.933333333 3.166666667 1.232336667 0.008247333 0.0225 0.275 0.45 0.1035 0.00147 8.63 3.255 0.05145 340.1748 0.042688831 0.097058546 0.014196152 37843.2 1814.4 13651.2 34467.09677 21859.2 0.04972 67.29156
37075 731035 16.53264793 8.118423277 14.29764939 0.019829282 0.013470586 0.255822718 0.333767901 1.932138272 3.19038093 1.237610757 0.008216203 0.023663556 0.269894417 0.472956038 0.104174667 0.001554004 8.612668323 3.253941666 0.05439014 340.1118 0.041615102 0.093307426 0.014124345 25574.4 1814.4 13651.2 34467.09677 21859.2 0.046783 252.882
37076 731036 16.63242935 8.115882972 14.29076852 0.019817354 0.013605417 0.255013182 0.335032099 1.928661728 3.215767606 1.252953563 0.008181375 0.027048444 0.265106101 0.502979616 0.106137333 0.001652616 8.562154801 3.250818135 0.057841576 340.011 0.040563482 0.089660157 0.014050115 18835.2 1814.4 13651.2 34467.09677 21859.2 0.043942 293.34312
37077 731037 16.73862321 8.112450463 14.27961383 0.019797889 0.013738301 0.254237325 0.337066667 1.923066667 3.242652905 1.277645893 0.008143012 0.032496 0.260616927 0.539520102 0.109296 0.001764795 8.480681696 3.245706607 0.061767815 339.8598 0.039540374 0.086141481 0.013973544 18835.2 1814.4 11232 34467.09677 21859.2 0.041199 270.39096
37078 731038 16.85050844 8.108197128 14.26444179 0.019771229 0.013869717 0.253494411 0.339812346 1.915516049 3.270863034 1.310968552 0.008101283 0.039847556 0.256408767 0.582026867 0.113558667 0.001889496 8.370471271 3.238684288 0.066132365 339.6708 0.038552185 0.082776144 0.013894712 18835.2 1814.4 13651.2 34467.09677 21859.2 0.038554 176.42772
37079 731039 16.96736398 8.103194345 14.24550883 0.019737713 0.014000141 0.252783705 0.343209877 1.90617284 3.300224201 1.352202346 0.00805635 0.048944444 0.252463495 0.629949278 0.118833333 0.002025678 8.233745789 3.22982838 0.070898733 339.4314 0.03760532 0.079588888 0.013813701 18835.2 1814.4 13651.2 34467.09677 21859.2 0.036006 155.4714
37080 731040 17.08846877 8.09751349 14.2230714 0.019697681 0.014130049 0.252104472 0.3472 1.8952 3.330562616 1.40062808 0.008008381 0.059628 0.248762985 0.682736705 0.125028 0.002172298 8.072727512 3.219216085 0.076030427 339.1668 0.036706184 0.076604457 0.013730592 15811.2 1814.4 11232 34467.09677 21859.2 0.033555 232.51536
37081 731041 17.21310176 8.091225941 14.19738596 0.019651473 0.01425992 0.251455977 0.351723457 1.882760494 3.361704485 1.455526561 0.007957541 0.071739556 0.24528911 0.739838518 0.132050667 0.002328313 7.889638704 3.206924608 0.081490954 338.8518 0.035861183 0.073847596 0.013645468 15811.2 1814.4 11232 34467.09677 21859.2 0.031203 165.81348
37082 731042 17.34054187 8.084403076 14.16870895 0.01959943 0.014390229 0.250837484 0.356720988 1.869017284 3.393476017 1.516178595 0.007903996 0.085120444 0.242023742 0.800704086 0.139809333 0.002492681 7.686701625 3.193031151 0.087243822 338.499 0.035076722 0.071343049 0.01355841 15811.2 1814.4 11232 34467.09677 21859.2 0.028949 86.27472
37083 731043 17.47006804 8.077116273 14.13729682 0.019541892 0.014521454 0.250248259 0.362133333 1.854133333 3.425703421 1.581864987 0.007847911 0.099612 0.238948757 0.864782779 0.148212 0.002664358 7.46613854 3.177612918 0.093252539 338.1084 0.034359206 0.069115558 0.013469498 15811.2 1814.4 13651.2 34467.09677 21859.2 0.026793 259.89012
37084 731044 17.60095923 8.069436909 14.10340602 0.019479199 0.014654072 0.249687566 0.367901235 1.838271605 3.458212904 1.651866543 0.007789451 0.115055556 0.236046026 0.931523964 0.157166667 0.002842303 7.230171711 3.160747111 0.099480611 337.68 0.033715041 0.067189869 0.013378816 55641.6 2419.2 16156.8 34467.09677 21859.2 0.024736 310.17168
37085 731045 17.73249436 8.061436362 14.067293 0.019411691 0.014788559 0.24915467 0.373965432 1.821595062 3.490830675 1.72546407 0.007728782 0.131292444 0.233297424 1.000377013 0.166581333 0.003025473 6.9810234 3.142510934 0.105891546 337.2138 0.033150633 0.065590724 0.013286443 37843.2 1814.4 13651.2 34467.09677 21859.2 0.022777 271.11672
37086 731046 17.86395237 8.053186009 14.02921421 0.019339708 0.014925393 0.248648836 0.380266667 1.804266667 3.523382943 1.801938373 0.007666071 0.148164 0.230684823 1.070791293 0.176364 0.003212824 6.720915871 3.122981589 0.112448852 336.7098 0.032672386 0.064342869 0.013192462 34041.6 1814.4 11232 34467.09677 21859.2 0.020918 124.92144
37087 731047 17.9946122 8.044757228 13.98942609 0.019263591 0.01506505 0.248169329 0.386745679 1.786449383 3.555695914 1.880570259 0.007601481 0.165511556 0.228190098 1.142216175 0.186422667 0.003403315 6.452071385 3.102236281 0.119116037 336.168 0.032286707 0.063471046 0.013096954 18835.2 1814.4 11232 34467.09677 21859.2 0.019157 146.9664
37088 731048 18.1237528 8.036221397 13.94818509 0.01918368 0.015208008 0.247715413 0.39334321 1.768306173 3.587595799 1.960640532 0.00753518 0.183176444 0.225795121 1.214101028 0.196665333 0.003595903 6.176712206 3.080352211 0.125856607 335.5884 0.032 0.063 0.013 15811.2 1814.4 11232 34467.09677 21859.2 0.017495 261.11484
37089 731049 18.2506531 8.027649892 13.90574766 0.019100315 0.015354743 0.247286354 0.4 1.75 3.618908804 2.04143 0.007467332 0.201 0.223481767 1.28589522 0.207 0.003789545 5.897060595 3.057406583 0.132634071 334.971 0.031766465 0.062741057 0.012879318 25574.4 1814.4 11232 34467.09677 21859.2 0.015933 233.39988
37090 731050 18.37459203 8.019114092 13.86237026 0.019013835 0.015505731 0.246881416 0.40665679 1.731693827 3.649461139 2.122219468 0.007398103 0.218823556 0.221231908 1.357048121 0.217334667 0.003983198 5.615338817 3.033476601 0.139411935 334.3158 0.031536288 0.062489168 0.012714987 29376 1814.4 13651.2 34467.09677 21859.2 0.01447 287.21952
37091 731051 18.49484855 8.010685375 13.81830933 0.018924582 0.015661451 0.246499864 0.413254321 1.713550617 3.679079011 2.202289741 0.007327659 0.236488444 0.219027417 1.427009101 0.227577333 0.00417582 5.333769133 3.008639467 0.146153708 333.6354 0.031309858 0.06224451 0.012510633 41990.4 2419.2 18662.4 34467.09677 21859.2 0.013107 232.78752
37092 731052 18.61070158 8.002435117 13.77382131 0.018832896 0.015822379 0.246140963 0.419733333 1.695733333 3.707588628 2.280921627 0.007256165 0.253836 0.216850169 1.495227529 0.237636 0.004366368 5.054573806 2.982972384 0.152822897 332.9172 0.031087562 0.062007262 0.012269882 83635.2 3888 24105.6 34467.09677 21859.2 0.011844 232.22052
37093 731053 18.72143007 7.994434697 13.72916266 0.018739116 0.015988992 0.245803978 0.426034568 1.678404938 3.7348162 2.35739593 0.007183787 0.270707556 0.214682036 1.561152773 0.247418667 0.0045538 4.779975099 2.956552556 0.159383009 332.1612 0.030869787 0.061777602 0.01199636 71625.6 3110.4 16156.8 34467.09677 21859.2 0.010681 300.57804
37094 731054 18.82631295 7.986755492 13.68458982 0.018643583 0.016161767 0.245488174 0.432098765 1.661728395 3.760587933 2.430993457 0.00711069 0.286944444 0.212504893 1.624234204 0.256833333 0.004737073 4.512195274 2.929457185 0.165797552 331.3674 0.030656921 0.061555709 0.011693693 50803.2 2419.2 15206.4 34467.09677 21859.2 0.009618 267.53328
37095 731055 18.92462916 7.979468879 13.64035925 0.018546637 0.01634118 0.245192815 0.437866667 1.645866667 3.784730037 2.500995013 0.00703704 0.302388 0.210300612 1.683921191 0.265788 0.004915144 4.253456594 2.901763475 0.172030034 330.5484 0.030449351 0.061341761 0.011365506 41990.4 2419.2 15206.4 34467.09677 21859.2 0.0086555 279.1908
37096 731056 19.01565765 7.972646237 13.59672739 0.018448618 0.016527709 0.244917167 0.443279012 1.630982716 3.80706872 2.566681405 0.006963003 0.316879556 0.208051066 1.739663102 0.274190667 0.00508697 4.005981321 2.873548629 0.178043961 329.6916 0.030247465 0.061135936 0.011015426 29376 2419.2 15206.4 34467.09677 21859.2 0.0077936 267.26112
37097 731057 19.09867735 7.966358942 13.5539507 0.018349866 0.01672183 0.244660494 0.448276543 1.617239506 3.827430189 2.627333439 0.006888744 0.330260444 0.20573813 1.790909307 0.281949333 0.00525151 3.771991719 2.84488985 0.183802842 328.8096 0.030051649 0.060938413 0.010647078 29376 2419.2 15206.4 34467.09677 21859.2 0.0070325 272.70432
37098 731058 19.17296719 7.960678372 13.51228561 0.018250722 0.016924021 0.244422061 0.4528 1.6048 3.845640654 2.68223192 0.006814428 0.342372 0.203343676 1.837109176 0.288972 0.00540772 3.55371005 2.815864341 0.189270183 327.8898 0.029862293 0.06074937 0.010264088 29376 1814.4 12960 34467.09677 21859.2 0.0063723 228.3876
37099 731059 19.23780613 7.955675906 13.47198858 0.018151526 0.017134759 0.244201132 0.456790123 1.59382716 3.861526322 2.730657654 0.006740222 0.353055556 0.200849579 1.877712078 0.295166667 0.005554557 3.353358576 2.786549305 0.194409494 326.9322 0.029679782 0.060568986 0.009870082 25574.4 1814.4 12960 34467.09677 21859.2 0.0058131 207.8622
37100 731060 19.29247309 7.95142292 13.43331605 0.018052618 0.017354519 0.243996974 0.460187654 1.584483951 3.874913401 2.771891448 0.006666291 0.362152444 0.198237711 1.912167381 0.300441333 0.005690979 3.17315956 2.757021946 0.19918428 325.962 0.029504505 0.060397438 0.009468687 25574.4 1814.4 12960 34467.09677 21859.2 0.0053553 297.5616
37101 731061 19.33624702 7.947990792 13.39652449 0.017954337 0.01758378 0.24380885 0.462933333 1.576933333 3.885628101 2.805214107 0.0065928 0.369504 0.195489945 1.939924456 0.304704 0.005815944 3.015335266 2.727359466 0.203558049 324.9414 0.029336849 0.060234905 0.009063526 25574.4 1814.4 12960 34467.09677 21859.2 0.0049988 266.98896
37102 731062 19.36840686 7.9454509 13.36187032 0.017857025 0.017823018 0.243636025 0.464967901 1.571338272 3.893496628 2.829906437 0.006519915 0.374951556 0.192588156 1.960432671 0.307862667 0.005928409 2.882107955 2.697639068 0.20749431 323.9082 0.029177201 0.060081565 0.008658228 25574.4 2419.2 15206.4 34467.09677 21859.2 0.004744 214.71156
37103 731063 19.38823154 7.943874621 13.32961001 0.017761022 0.01807271 0.243477765 0.466232099 1.567861728 3.898345192 2.845249243 0.006447801 0.378336444 0.189514217 1.973141396 0.309825333 0.006027331 2.77569989 2.667937956 0.210956568 322.8372 0.029025949 0.059937598 0.008256417 29376 1814.4 12960 34467.09677 21859.2 0.004591 154.76832
37104 731064 19.395 7.943333333 13.3 0.017666667 0.018333333 0.243333333 0.466666667 1.566666667 3.9 2.850523333 0.006376625 0.3795 0.18625 1.9775 0.3105 0.006111667 2.698333333 2.638333333 0.213908333 321.7284 0.028883481 0.05980318 0.007861719 25574.4 1814.4 12960 34560 21859.2 0.00454 79.8336
37105 731065 19.39346655 7.943336616 13.27231146 0.01757224 0.01863142 0.24319658 0.466586799 1.566879646 3.898630082 2.846501707 0.006304488 0.378911179 0.182788008 1.974674858 0.31020517 0.006185988 2.63667664 2.606169539 0.216509572 320.607 0.028750183 0.059678491 0.00747776 18835.2 1814.4 12960 34560 21859.2 0.0045405 285.201
37106 731066 19.38892536 7.943346495 13.24560516 0.017475787 0.018991365 0.243061881 0.466352229 1.567505167 3.894573535 2.834688106 0.006229496 0.377181808 0.17914066 1.966372303 0.309339253 0.006255724 2.575933901 2.568926944 0.218950343 319.4478 0.028626444 0.059563709 0.007108167 15811.2 1814.4 12960 34560 21859.2 0.0045419 281.59488
37107 731067 19.38146518 7.943363016 13.21982198 0.017377299 0.019410441 0.242929293 0.465970502 1.568523107 3.887910168 2.815459445 0.00615182 0.374367523 0.175319704 1.95285164 0.307930106 0.006321123 2.516130988 2.526886794 0.221239288 318.2634 0.02851265 0.059459012 0.006756564 15811.2 1814.4 12960 34560 21859.2 0.0045444 277.55784
37108 731068 19.37117477 7.943386225 13.19490279 0.017276768 0.019885917 0.242798871 0.465449164 1.569913341 3.878719791 2.789192639 0.006071631 0.37052396 0.171336889 1.934372173 0.306005588 0.00638243 2.457293772 2.480330336 0.223385053 317.0538 0.02840919 0.059364579 0.006426579 15811.2 1814.4 12960 34560 21859.2 0.0045478 277.10424
37109 731069 19.35814287 7.943416168 13.17078846 0.017174184 0.020415066 0.242670672 0.464795762 1.571655745 3.867082214 2.756264603 0.005989099 0.365706757 0.167203964 1.911193209 0.303593556 0.006439894 2.399448123 2.429538818 0.225396279 315.819 0.02831645 0.059280587 0.006121835 15811.2 2419.2 15206.4 34560 21859.2 0.0045522 262.72512
37110 731070 19.34245823 7.943452892 13.14741987 0.017069539 0.020995159 0.242544752 0.464017843 1.573730196 3.853077247 2.717052253 0.005904395 0.35997155 0.162932678 1.883574052 0.300721869 0.00649376 2.342619911 2.374793486 0.227281609 314.5464 0.028234819 0.059207216 0.005845961 15811.2 2419.2 12960 34560 21859.2 0.0045577 244.17288
37111 731071 19.3242096 7.943496443 13.12473789 0.016962823 0.021623467 0.242421166 0.463122954 1.576116568 3.836784699 2.671932504 0.005817689 0.353373975 0.158534779 1.851774008 0.297418383 0.006544277 2.286835008 2.316375586 0.229049688 313.2612 0.028164683 0.059144643 0.005602581 15811.2 1814.4 12960 34560 21859.2 0.0045642 239.79564
37112 731072 19.30348573 7.943546867 13.10268339 0.016854028 0.02229726 0.242299971 0.462118639 1.578794739 3.818284381 2.62128227 0.005729152 0.345969669 0.154022017 1.816052382 0.293710958 0.00659169 2.232119284 2.254566367 0.230709159 311.9508 0.02810643 0.059093047 0.005395321 15811.2 1814.4 12960 34560 21859.2 0.0045717 224.82684
37113 731073 19.28037537 7.94360421 13.08119724 0.016743144 0.023013811 0.242181224 0.461012448 1.581744584 3.797656103 2.565478468 0.005638956 0.337814269 0.149406141 1.776668478 0.28962745 0.006636248 2.17849861 2.189647074 0.232268663 310.6026 0.028060448 0.059052606 0.005227807 15811.2 1814.4 12960 34560 21859.2 0.0045803 191.46456
37114 731074 19.25496727 7.943668517 13.06022032 0.016630164 0.02377039 0.242064979 0.459811924 1.58494598 3.774979673 2.504898011 0.00554727 0.328963412 0.144698899 1.733881603 0.285195719 0.006678196 2.125998855 2.121898954 0.233736846 309.2418 0.028027124 0.0590235 0.005103665 37843.2 2419.2 17712 34560 21859.2 0.00459 212.2153123
37115 731075 19.22735017 7.943739836 13.03969349 0.016515077 0.024564268 0.241951293 0.458524616 1.588378801 3.750334902 2.439917817 0.005454265 0.319472734 0.139912039 1.687951061 0.280443621 0.006717781 2.074645892 2.051603255 0.23512235 307.8558 0.028006846 0.059005905 0.00502652 18835.2 2419.2 12960 34560 21859.2 0.0046008 224.2135149
37116 731076 19.19761284 7.943818212 13.01955764 0.016397874 0.025392717 0.241840222 0.45715807 1.592022925 3.7238016 2.370914798 0.005360112 0.309397871 0.135057312 1.639136157 0.275399015 0.006755252 2.024465591 1.979041223 0.236433818 306.4446 0.028 0.059 0.005 15811.2 1814.4 12960 34560 21859.2 0.0046127 204.14268
37117 731077 19.16584402 7.943903692 12.99975362 0.016278548 0.026253009 0.241731823 0.455719832 1.595858226 3.695459576 2.298265872 0.005264982 0.29879446 0.130146466 1.587696198 0.270089759 0.006790854 1.975483821 1.904494105 0.237679893 305.0208 0.02800201 0.05902787 0.005 15811.2 1814.4 12960 34560 21859.2 0.0046257 165.47328
37118 731078 19.13213245 7.943996322 12.98022232 0.016157089 0.027142413 0.24162615 0.454217448 1.599864582 3.665388641 2.222347952 0.005169045 0.287718138 0.12519125 1.533890487 0.264543711 0.006824835 1.927726455 1.828243148 0.238869219 303.5592 0.028007978 0.059110249 0.005 15811.2 1814.4 12960 34560 21859.2 0.0046398 238.61628
37119 731079 19.09656689 7.944096147 12.96090461 0.016033487 0.028058201 0.241523261 0.452658466 1.604021868 3.633668603 2.143537954 0.005072472 0.276224542 0.120203412 1.47797833 0.258788728 0.006857441 1.881219362 1.750569599 0.240010439 302.085 0.028017813 0.059245293 0.005 15811.2 1814.4 12960 34560 21859.2 0.0046551 248.41404
37120 731080 19.05923609 7.944203214 12.94174136 0.015907735 0.028997645 0.241423211 0.451050432 1.60830996 3.600379274 2.062212794 0.004975434 0.264369307 0.115194701 1.420219033 0.252852668 0.00688892 1.835988414 1.671754704 0.241112196 300.5856 0.028031424 0.059431156 0.005 15811.2 1814.4 12960 34560 21859.2 0.0046715 229.70304
37121 731081 19.02022879 7.944317568 12.92267343 0.015779822 0.029958016 0.241326057 0.449400891 1.612708734 3.565600462 1.978749386 0.004878101 0.252208071 0.110176867 1.3608719 0.24676339 0.006919518 1.79205948 1.592079711 0.242183133 299.061 0.028048719 0.059665995 0.005 15811.2 1814.4 12960 34560 21859.2 0.0046891 95.11992
37122 731082 18.97963375 7.944439257 12.90364172 0.015649741 0.030936585 0.241231854 0.447717392 1.617198066 3.529411978 1.893524646 0.004780644 0.239796471 0.105161658 1.300196237 0.240548752 0.006949483 1.749458432 1.511825866 0.243231894 297.5238 0.028069607 0.059947964 0.005 15811.2 1814.4 15206.4 34560 21859.2 0.0047078 246.32748
37123 731083 18.93753971 7.944568327 12.88458707 0.015517482 0.031930622 0.241140659 0.446007479 1.621757833 3.491893631 1.806915488 0.004683234 0.227190142 0.100160823 1.238451349 0.23423661 0.006979061 1.70821114 1.431274416 0.244267121 295.974 0.028093995 0.060275218 0.005 15811.2 1814.4 15206.4 34560 21859.2 0.0047278 146.0592
37124 731084 18.89403543 7.944704822 12.86545038 0.015383036 0.0329374 0.241052527 0.444278701 1.626367909 3.453125231 1.719298829 0.004586041 0.214444722 0.09518611 1.17589654 0.227854824 0.007008499 1.668343474 1.350706608 0.245297459 294.3864 0.028121794 0.060645912 0.005 15811.2 1814.4 12960 34560 21859.2 0.004749 41.18688
37125 731085 18.84920966 7.94484879 12.84617251 0.015246395 0.03395419 0.240967515 0.442538602 1.631008171 3.413186588 1.631051583 0.004489237 0.201615847 0.09024927 1.112791118 0.221431251 0.007038044 1.629881307 1.270403689 0.24633155 292.7988 0.028152911 0.061058202 0.005 15811.2 1814.4 12960 34560 21859.2 0.0047714 172.64016
37126 731086 18.80315113 7.945000277 12.82669433 0.015107549 0.034978262 0.240885679 0.440794731 1.635658495 3.372157512 1.542550665 0.004392991 0.188759153 0.085362049 1.049394385 0.214993749 0.007067944 1.592850507 1.190646906 0.247378037 291.1734 0.028187254 0.061510243 0.005 15811.2 1814.4 12960 34560 21859.2 0.004795 128.9358
37127 731087 18.75594862 7.945159329 12.80695672 0.014966489 0.036006887 0.240807075 0.439054633 1.640298758 3.330117812 1.45417299 0.004297474 0.175930278 0.080536199 0.985965648 0.208570176 0.007098445 1.557276946 1.111717506 0.248445564 289.548 0.028224733 0.062000189 0.005 13046.4 1814.4 10713.6 34560 21859.2 0.0048199 210.6972
37128 731088 18.70769085 7.945325991 12.78690054 0.014823207 0.037037338 0.240731758 0.437325854 1.644908834 3.287147299 1.366295474 0.004202858 0.163184858 0.075783466 0.922764212 0.20218839 0.007129794 1.523186494 1.033896735 0.249542774 287.8974 0.028265255 0.062526196 0.005 13046.4 1814.4 10713.6 34560 21859.2 0.004846 92.46636
37129 731089 18.65846659 7.945500311 12.76646668 0.014677693 0.038066885 0.240659785 0.435615942 1.6494686 3.243325782 1.279295032 0.004109312 0.150578529 0.071115601 0.860049383 0.195876248 0.007162237 1.490605023 0.95746584 0.25067831 286.2342 0.02830873 0.06308642 0.005 10540.8 1814.4 10713.6 34560 21859.2 0.0048734 62.84628
37130 731090 18.60836458 7.945682333 12.74559599 0.014529939 0.039092799 0.240591213 0.433932442 1.653957932 3.198733071 1.193548579 0.004017008 0.138166929 0.066544352 0.798080464 0.18966161 0.007196023 1.459558402 0.882706069 0.251860816 284.5458 0.028355066 0.063679015 0.005 10540.8 1814.4 12960 34560 21859.2 0.0049021 125.307
37131 731091 18.55747357 7.945872105 12.72422937 0.014379936 0.040112352 0.240526096 0.432282902 1.658356707 3.153448975 1.10943303 0.003926116 0.126005693 0.062081467 0.737116762 0.183572332 0.007231398 1.430072503 0.809898667 0.253098933 282.8448 0.028404171 0.064302136 0.005 10540.8 1814.4 12960 34560 21859.2 0.0049321 168.1722
37132 731092 18.50588231 7.946069673 12.70230767 0.014227674 0.041122815 0.240464491 0.430674867 1.662644799 3.107553305 1.027325301 0.003836807 0.114150458 0.057738697 0.677417581 0.177636272 0.007268609 1.402173196 0.739324883 0.254401307 281.1312 0.028455954 0.064953939 0.005 10540.8 1814.4 12960 34560 21859.2 0.0049634 102.7404
37133 731093 18.45367956 7.946275081 12.67977177 0.014073145 0.042121459 0.240406455 0.429115885 1.666802085 3.061125871 0.947602306 0.003749251 0.102656862 0.053527788 0.619242227 0.171881289 0.007307902 1.375886351 0.671265962 0.25577658 279.405 0.028510323 0.065632578 0.005 10540.8 1814.4 12960 34560 21859.2 0.0049961 61.32672
37134 731094 18.40095405 7.946488378 12.65656254 0.01391634 0.043105554 0.240352043 0.427613502 1.67080844 3.014246482 0.87064096 0.003663619 0.09158054 0.049460491 0.562850006 0.166335241 0.007349526 1.351237839 0.606003151 0.257233395 277.6536 0.028567187 0.066336209 0.005 10540.8 1814.4 12960 34560 21859.2 0.0050301 197.36136
37135 731095 18.34779455 7.946709608 12.63262086 0.013757249 0.044072373 0.240301311 0.426175263 1.674643742 2.966994948 0.79681818 0.003580083 0.080977129 0.045548555 0.508500221 0.161025985 0.007393726 1.328253532 0.543817698 0.258780395 275.9022 0.028626455 0.067062988 0.005 41990.4 2419.2 15206.4 34560 21859.2 0.0050654 155.38068
37136 731096 18.29428979 7.946938819 12.60788759 0.013595865 0.045019187 0.240254316 0.424808717 1.678287866 2.919451079 0.72651088 0.003498811 0.070902266 0.041803727 0.456452179 0.155981379 0.007440749 1.306959299 0.48499085 0.260426225 274.1256 0.028688035 0.067811068 0.005 29376 2419.2 15206.4 34560 21859.2 0.0051021 155.8116
37137 731097 18.24052854 7.947176055 12.58230361 0.013432177 0.045943266 0.240211113 0.423521409 1.681720687 2.871694684 0.660095975 0.003419976 0.061411588 0.038237758 0.406965185 0.151229281 0.007490844 1.287381011 0.429803852 0.262179526 272.3364 0.028751836 0.068578606 0.005 15811.2 1814.4 12960 34560 21859.2 0.0051402 127.25748
37138 731098 18.18659953 7.947421363 12.5558098 0.013266178 0.046841882 0.240171758 0.422320886 1.684922082 2.823805574 0.59795038 0.003343748 0.052560731 0.034862395 0.360298543 0.14679755 0.007544255 1.26954454 0.378537953 0.264048942 270.5346 0.028817765 0.069363756 0.005 15811.2 1814.4 12960 34560 21859.2 0.0051797 42.13944
37139 731099 18.13259152 7.94767479 12.52834702 0.013097857 0.047712306 0.240136308 0.421214694 1.687871927 2.775863558 0.540451011 0.003270298 0.044405331 0.031689388 0.316711559 0.142714042 0.007601232 1.253475754 0.331474398 0.266043116 268.7328 0.028885733 0.070164674 0.005 46224 2419.2 15206.4 34560 21859.2 0.0052206 88.63344
37140 731100 18.07859326 7.947936382 12.49985614 0.012927207 0.04855181 0.240104819 0.42021038 1.690550098 2.727948446 0.487974782 0.003199795 0.037001025 0.028730486 0.276463539 0.139006617 0.00766202 1.239200526 0.288894436 0.268170692 266.9058 0.028955646 0.070979514 0.005 18835.2 2419.2 12960 34560 21859.2 0.0052629 39.03228
37141 731101 18.02469349 7.948206183 12.47027804 0.012754218 0.049357664 0.240077346 0.41931549 1.692936471 2.680140048 0.44089861 0.003132412 0.03040345 0.025997437 0.239813787 0.135703131 0.007726866 1.226744726 0.251079311 0.270440313 265.0788 0.029027414 0.071806432 0.005 18835.2 1814.4 12960 34560 21859.2 0.0053067 55.86084
37142 731102 17.97098098 7.948484242 12.4395536 0.012578881 0.050127139 0.240053946 0.418537571 1.695010921 2.632518173 0.399599409 0.003068318 0.024668243 0.02350199 0.207021608 0.132831444 0.007796018 1.216134225 0.218310273 0.272860622 263.2392 0.029100945 0.072643584 0.005 15811.2 1814.4 12960 34560 21859.2 0.0053519 130.13784
37143 731103 17.91754446 7.948770603 12.40762368 0.012401187 0.050857508 0.240034675 0.41788417 1.696753326 2.585162632 0.364454094 0.003007684 0.01985104 0.021255894 0.178346308 0.130419412 0.007869722 1.207394892 0.190868566 0.275440262 261.3744 0.029176148 0.073489123 0.005 46224 3110.4 17712 34560 21859.2 0.0053985 142.74792
37144 731104 17.86447268 7.949065314 12.37442915 0.012221128 0.05154604 0.240019589 0.417362832 1.69814356 2.538153235 0.33583958 0.002950682 0.016007477 0.019270899 0.154047192 0.128494894 0.007948225 1.2005526 0.169035439 0.278187877 259.5222 0.029252931 0.074341206 0.005 41990.4 3110.4 15206.4 34560 21859.2 0.0054466 202.82724
37145 731105 17.81185441 7.949368419 12.33991089 0.012038694 0.052190008 0.240008744 0.416981104 1.699161499 2.49156979 0.314132783 0.002897481 0.013193192 0.017558752 0.134383565 0.127085747 0.008031775 1.195633217 0.153092137 0.281112109 257.6448 0.029331203 0.075197988 0.005 34041.6 2419.2 12960 34560 21859.2 0.0054963 181.82556
37146 731106 17.75977837 7.949679966 12.30400977 0.011853877 0.052786682 0.240002195 0.416746534 1.699787021 2.445492109 0.299710618 0.002848252 0.011463821 0.016131203 0.119614733 0.12621983 0.008120617 1.192662616 0.143319909 0.284221603 255.7674 0.029410873 0.076057622 0.005 34041.6 1814.4 12960 34560 21859.2 0.0055474 88.36128
37147 731107 17.70833333 7.95 12.26666667 0.011666667 0.053333333 0.24 0.416666667 1.7 2.4 0.29295 0.002803167 0.010875 0.015 0.11 0.125925 0.008215 1.191666667 0.14 0.287525 253.8774 0.029491848 0.076918266 0.005 18835.2 1814.4 12960 34560 21859.2 0.0056 21.22848
37148 731108 17.65674857 7.950742709 12.22518897 0.011461882 0.053842962 0.240422179 0.417079424 1.697975467 2.351962113 0.290183513 0.002760006 0.010896437 0.014027569 0.103117186 0.12602171 0.00837051 1.212418133 0.1426864 0.292967867 251.9748 0.029574038 0.077778074 0.005 18835.2 1814.4 12960 34560 21859.2 0.0059183 89.15508
37149 731109 17.60415923 7.952275683 12.17724527 0.011226554 0.05433143 0.241656576 0.418288903 1.692123733 2.298572569 0.287494479 0.002716553 0.010959375 0.013069917 0.096378975 0.126301243 0.008635972 1.2723984 0.1504512 0.302259025 250.0722 0.02965735 0.0786352 0.005 83635.2 3888 20217.6 34560 21859.2 0.0067373 16.82856
37150 731110 17.55051284 7.954529078 12.1233182 0.010963995 0.054800308 0.243654979 0.420251915 1.6827776 2.240399388 0.284885914 0.002672984 0.011061754 0.012129164 0.089796972 0.126747701 0.009001486 1.368196267 0.1628528 0.315052004 248.157 0.029741694 0.079487801 0.005 91584 3110.4 20217.6 34560 21859.2 0.0080133 55.83816
37151 731111 17.49575693 7.957433045 12.0638904 0.010677514 0.055251162 0.246369176 0.422925271 1.670269867 2.178010588 0.28236084 0.002629473 0.011201517 0.011207431 0.083382781 0.127345186 0.009457152 1.496400533 0.1794496 0.331000332 246.2418 0.029826978 0.080334031 0.005 50457.6 2419.2 17712 34560 21859.2 0.0097025 159.64452
37152 731112 17.43983904 7.960917738 11.99944452 0.010370424 0.055685562 0.249750956 0.42626578 1.654933333 2.11197419 0.279922273 0.002586195 0.011376602 0.010306838 0.077148006 0.1280778 0.009993073 1.6536 0.1998 0.349757538 244.314 0.029913111 0.081172046 0.005 41385.6 2419.2 15206.4 34560 21859.2 0.011761 162.1610349
37153 731113 17.3827067 7.96491331 11.93046321 0.010046036 0.056105076 0.253752108 0.430230253 1.6371008 2.042858211 0.277573234 0.002543325 0.011584952 0.009429506 0.071104251 0.128929646 0.010599347 1.836383467 0.2234624 0.370977149 242.3862 0.03 0.082 0.005 33264 2419.2 15206.4 34560 21859.2 0.014146 169.57836
37154 731114 17.32430745 7.969349915 11.85742909 0.009707661 0.056511272 0.258324419 0.434775502 1.617105067 1.971230673 0.275316741 0.002501038 0.011824506 0.008577554 0.065263119 0.129884827 0.011266077 2.041339733 0.2499952 0.394312696 240.4584 0.030102276 0.082889993 0.005038917 25920 2419.2 15206.4 34560 21859.2 0.016812 40.86936
37155 731115 17.26458881 7.974157705 11.78082483 0.00935861 0.056905719 0.26341968 0.439858337 1.595278933 1.897659592 0.273155812 0.002459507 0.012093206 0.007753105 0.059636215 0.130927445 0.011983363 2.2650576 0.2789568 0.419417706 238.518 0.030232871 0.083906566 0.00515157 25920 1814.4 12960 34560 21859.2 0.019717 109.06812
37156 731116 17.20349833 7.979266834 11.70113305 0.009002195 0.057289984 0.268989678 0.445435568 1.5719552 1.82271299 0.271093467 0.002418908 0.012388993 0.006958277 0.054235143 0.132041602 0.012741306 2.504125867 0.3099056 0.445945707 236.5776 0.030389144 0.085036534 0.005331816 22636.8 1814.4 12960 34560 21859.2 0.022817 170.28144
37157 731117 17.14098353 7.984607455 11.61883641 0.008641727 0.057665636 0.274986201 0.451464006 1.547466667 1.746958884 0.269132724 0.002379417 0.012709806 0.006195193 0.049071507 0.1332114 0.013530007 2.755133333 0.3424 0.47355023 234.6372 0.030568456 0.086266713 0.005573509 29462.4 1814.4 12960 34560 21859.2 0.026067 178.42356
37158 731118 17.07699195 7.990109722 11.53441755 0.008280517 0.058034244 0.281361038 0.457900462 1.522146133 1.670965295 0.267276603 0.002341206 0.013053588 0.005465971 0.044156911 0.134420942 0.014339566 3.0146688 0.3759984 0.501884802 232.6842 0.030768168 0.08758392 0.005870505 41385.6 3888 20217.6 34560 21859.2 0.029425 138.96036
37159 731119 17.01147113 7.995703786 11.4483591 0.007921877 0.058397375 0.288065979 0.464701746 1.4963264 1.595300241 0.265528121 0.002304452 0.013418278 0.004772734 0.039502958 0.135654331 0.015160084 3.279321067 0.4102592 0.530602951 230.7312 0.030985641 0.088974971 0.006216659 70156.8 3110.4 17712 34560 21859.2 0.032846 60.14736
37160 731120 16.94436859 8.001319803 11.36114372 0.007569117 0.058756599 0.29505281 0.471824669 1.470340267 1.520531742 0.263890298 0.002269328 0.013801818 0.0041176 0.035121254 0.136895669 0.015981663 3.545678933 0.4447408 0.559358207 228.7782 0.031218234 0.090426681 0.006605826 70156.8 2419.2 15206.4 34560 21859.2 0.036287 142.83864
37161 731121 16.87563187 8.006887924 11.27325404 0.007225549 0.059113483 0.302273322 0.479226042 1.444520533 1.447227817 0.262366153 0.002236011 0.014202148 0.003502692 0.031023401 0.138129058 0.016794403 3.8103312 0.4790016 0.587804098 226.8252 0.031463308 0.091925868 0.007031862 70156.8 2419.2 15206.4 34560 21859.2 0.039704 30.43656
37162 731122 16.8052085 8.012338303 11.18517271 0.006894485 0.059469595 0.309679301 0.486862675 1.4192 1.375956484 0.260958705 0.002204673 0.01461721 0.002930129 0.027221005 0.1393386 0.017588404 4.069866667 0.5126 0.615594153 224.8722 0.031718225 0.093459347 0.007488621 55296 2419.2 15206.4 34560 21859.2 0.043053 136.71504
37163 731123 16.73304603 8.017601094 11.09738237 0.006579235 0.059826505 0.317222538 0.49469138 1.394711467 1.307285764 0.259670972 0.002175491 0.015044943 0.002402031 0.023725668 0.140508398 0.018353769 4.320874133 0.5450944 0.6423819 222.9192 0.031980344 0.095013933 0.007969959 55296 1814.4 12960 34560 21859.2 0.046291 148.4406
37164 731124 16.65909197 8.022606449 11.01036567 0.006283111 0.06018578 0.32485482 0.502668965 1.371387733 1.241783675 0.258505973 0.002148639 0.015483288 0.00192052 0.020548995 0.141622555 0.019080596 4.5599424 0.5760432 0.667820868 220.9662 0.032247026 0.096576445 0.008469731 55296 1814.4 12960 34560 21859.2 0.049373 95.18796
37165 731125 16.58329386 8.027284522 10.92460524 0.006009424 0.060548989 0.332527936 0.510752243 1.3495616 1.180018237 0.257466727 0.002124291 0.015930187 0.001487716 0.017702591 0.142665173 0.019758988 4.783660267 0.6050048 0.691564586 219.0006 0.032515632 0.098133696 0.008981793 55296 1814.4 15206.4 33259.35484 21859.2 0.052257 137.71296
37166 731126 16.50559925 8.031565466 10.84058373 0.005761485 0.060917699 0.340193674 0.518898024 1.329565867 1.122557469 0.256556252 0.002102623 0.016383581 0.001105739 0.015198058 0.143620354 0.020379045 4.988616533 0.6315376 0.713266582 217.0476 0.032783522 0.099672505 0.0095 41385.6 1814.4 12960 33259.35484 21859.2 0.054898 106.43724
37167 731127 16.42595565 8.035379434 10.75878379 0.005542606 0.061293481 0.347803823 0.527063119 1.311733333 1.069969389 0.255777568 0.002083809 0.016841409 0.00077671 0.013047002 0.1444722 0.020930868 5.1714 0.6552 0.732580384 215.0946 0.033048056 0.101179686 0.010018207 41385.6 1814.4 12960 33259.35484 21859.2 0.057252 116.05356
37168 731128 16.34431061 8.03865658 10.67968805 0.005356098 0.0616779 0.355310172 0.535204337 1.2963968 1.022822018 0.255133694 0.002068024 0.017301612 0.000502749 0.011261025 0.145204814 0.021404558 5.328599467 0.6755504 0.749159522 213.1416 0.033306596 0.102642055 0.010530269 33264 1814.4 12960 33259.35484 21859.2 0.059277 125.35236
37169 731129 16.26061166 8.041327056 10.60377915 0.005205272 0.062072527 0.362664509 0.543278491 1.283889067 0.981683375 0.254627648 0.002055442 0.017762133 0.000285977 0.009851733 0.145802299 0.021790215 5.456803733 0.6921472 0.762657524 211.2012 0.033556502 0.10404643 0.011030041 50457.6 1814.4 15206.4 33259.35484 21859.2 0.060928 102.42288
37170 731130 16.17480633 8.043321016 10.53153975 0.00509344 0.06247893 0.369818623 0.55124239 1.274542933 0.947121478 0.254262449 0.002046239 0.01822091 0.000128515 0.008830728 0.146248757 0.022077941 5.5526016 0.7045488 0.772727919 209.2482 0.033795134 0.105379626 0.011511379 41385.6 1814.4 15206.4 33259.35484 21859.2 0.062161 94.16736
37171 731131 16.08684215 8.044568613 10.46345249 0.005023912 0.062898675 0.376724301 0.559052845 1.2686912 0.919704346 0.254041115 0.002040589 0.018675886 3.25E-05 0.008209616 0.14652829 0.022257835 5.612581867 0.7123136 0.779024234 207.3078 0.034019853 0.106628459 0.011968138 33264 1814.4 15206.4 33259.35484 21859.2 0.062933 57.1536
37172 731132 15.99666667 8.045 10.4 0.005 0.063333333 0.383333333 0.566666667 1.266666667 0.9 0.253966667 0.002038667 0.019125 0 0.008 0.146625 2.23E-02 5.633333333 0.715 0.7812 205.3674 0.034228019 0.107779746 0.012394174 91584 3110.4 20217.6 33259.35484 21859.2 0.0632 94.53024
37173 731133 15.90086317 8.044882914 10.3384901 0.005 0.0637889 0.389897369 0.574374785 1.267036411 0.884481 0.25411399 0.002039978 0.019600104 0.000174601 0.008007601 0.146612244 0.022301597 5.630080377 0.714330353 0.780555884 203.4396 0.034416994 0.108820302 0.012783341 65491.2 2419.2 15206.4 33259.35484 21859.2 0.06313 124.33176
37174 731134 15.79631549 8.044538118 10.2759727 0.005 0.064269362 0.396692246 0.582485426 1.268125243 0.869242339 0.254548719 0.002043857 0.020132536 0.000688772 0.008030186 0.146574679 0.022247399 5.620493959 0.712358357 0.778658966 201.5118 0.034584137 0.109736944 0.013129495 55296 1814.4 15206.4 33259.35484 21859.2 0.062922 33.54372
37175 731135 15.68342199 8.043975299 10.21254365 0.005 0.064773278 0.403706036 0.590981344 1.269902563 0.854285687 0.255259999 0.002050223 0.020719471 0.001528062 0.008067432 0.146513362 0.022158925 5.604832758 0.709139432 0.775562388 199.584 0.034726809 0.110516487 0.013426491 41385.6 1296 15206.4 33259.35484 21859.2 0.062584 109.27224
37176 731136 15.56258101 8.04320415 10.14829875 0.005 0.065299202 0.410926811 0.599845294 1.272337773 0.839612713 0.256236969 0.002058994 0.021358082 0.002678022 0.008119011 0.146429347 0.022037694 5.583355452 0.704728996 0.771319292 197.6688 0.034842371 0.111145748 0.013668184 41385.6 1296 12960 33259.35484 21859.2 0.062121 105.93828
37177 731137 15.4341909 8.042234358 10.08333383 0.005 0.065845692 0.418342641 0.609060029 1.275400273 0.825225087 0.257468772 0.00207009 0.022045543 0.004124203 0.008184598 0.146323691 0.021885223 5.556320717 0.699182469 0.765982821 195.7536 0.034928183 0.111611543 0.01384843 45792 1296 12960 33259.35484 21859.2 0.061538 110.70108
37178 731138 15.29865002 8.041075615 10.01774472 0.005 0.066411302 0.425941598 0.618608305 1.279059462 0.811124476 0.25894455 0.002083428 0.022779026 0.005852153 0.00826387 0.146197449 0.021703032 5.523987233 0.69255527 0.759606118 193.851 0.034981606 0.111900688 0.013961083 45792 1296 12960 33259.35484 21859.2 0.060842 39.44052
37179 731139 15.1563567 8.039737609 9.951627246 0.005 0.06699459 0.433711753 0.628472877 1.283284742 0.797312551 0.260653445 0.002098928 0.023555706 0.007847425 0.008356499 0.146051676 0.021492638 5.486613675 0.684902818 0.752242325 191.9484 0.035 0.112 0.014 41385.6 1296 12960 33259.35484 21859.2 0.060038 80.60472
37180 731140 15.00770931 8.038230032 9.885077222 0.005 0.067594112 0.441641177 0.638636497 1.288045514 0.78379098 0.2625846 0.002116509 0.024372757 0.010095567 0.00846216 0.14588743 0.02125556 5.444458723 0.676280532 0.743944585 190.0584 0.034924404 0.111795642 0.013945905 50457.6 1296 12960 33259.35484 21859.2 0.059132 40.27968
37181 731141 14.85310619 8.036562572 9.818190477 0.005 0.068208423 0.449717943 0.649081922 1.293311177 0.770561432 0.264727155 0.002136088 0.025227351 0.01258213 0.008580529 0.145705764 0.020993315 5.397781055 0.666743831 0.734766041 188.1684 0.034706897 0.111208114 0.013790383 33264 1296 12960 33259.35484 21859.2 0.05813 92.8746
37182 731142 14.69294569 8.034744919 9.751062834 0.005 0.06883608 0.45793012 0.659791906 1.299051132 0.757625578 0.267070253 0.002157586 0.026116663 0.015292664 0.00871128 0.145507736 0.020707424 5.346839346 0.656348134 0.724759835 186.3036 0.034361407 0.110275733 0.013543576 29462.4 1296 12960 33259.35484 21859.2 0.057038 105.87024
37183 731143 14.52762616 8.032786764 9.683790117 0.005 0.06947564 0.466265781 0.670749202 1.30523478 0.744985084 0.269603037 0.00218092 0.027037866 0.01821272 0.008854087 0.1452944 0.020399403 5.291892277 0.645148861 0.713979109 184.4388 0.033901856 0.109036814 0.013215627 22636.8 1296 12960 33259.35484 21859.2 0.055862 68.22144
37184 731144 14.35754594 8.030697796 9.61646815 0.005 0.070125657 0.474712997 0.681936566 1.311831521 0.732641622 0.272314647 0.002206009 0.027988134 0.021327848 0.009008625 0.145066813 0.020070772 5.233198523 0.63320143 0.702477007 182.574 0.03334217 0.107529677 0.012816679 22636.8 1296 12960 33259.35484 21859.2 0.054607 48.46716
37185 731145 14.18310339 8.028487705 9.549192757 0.005 0.070784689 0.483259838 0.693336752 1.318810756 0.720596859 0.275194227 0.002232773 0.02896464 0.024623598 0.00917457 0.144826029 0.019723048 5.171016763 0.62056126 0.690306671 180.7344 0.032696273 0.105792637 0.012356875 22636.8 1296 12960 33259.35484 21859.2 0.053279 115.87212
37186 731146 14.00469686 8.026166181 9.482059761 0.005 0.071451292 0.491894378 0.704932515 1.326141885 0.708852466 0.278230917 0.002261129 0.029964558 0.02808552 0.009351594 0.144573105 0.01935775 5.105605675 0.607283771 0.677521243 178.8948 0.031978091 0.103864012 0.011846356 50457.6 1814.4 17712 33259.35484 21859.2 0.051884 60.85044
37187 731147 13.8227247 8.023742913 9.415164987 0.005 0.072124022 0.500604685 0.716706609 1.333794309 0.69741011 0.281413861 0.002290997 0.030985061 0.031699164 0.009539374 0.144309096 0.018976396 5.037223937 0.593424381 0.664173866 177.0804 0.031201549 0.101782119 0.011295267 33264 1296 15206.4 33259.35484 21859.2 0.050428 123.65136
37188 731148 13.63758525 8.021227592 9.348604257 0.005 0.072801434 0.509378833 0.728641789 1.341737428 0.686271461 0.284732199 0.002322295 0.032023324 0.035450082 0.009737583 0.144035059 0.018580505 4.966130225 0.57903851 0.650317683 175.266 0.030380571 0.099585274 0.010713749 22636.8 1296 15206.4 33259.35484 21859.2 0.048917 117.21024
37189 731149 13.44967687 8.018629908 9.282473398 0.005 0.073482086 0.518204892 0.740720809 1.349940643 0.675438189 0.288175075 0.002354942 0.033076519 0.039323822 0.009945896 0.143752048 0.018171595 4.892583218 0.564181577 0.636005837 173.4642 0.029529082 0.097311796 0.010111946 19526.4 1296 15206.4 33259.35484 21859.2 0.047356 99.70128
37190 731150 13.2593979 8.015959549 9.21686823 0.005 0.074164532 0.527070934 0.752926423 1.358373354 0.664911962 0.291731629 0.002388856 0.03414182 0.043305935 0.010163989 0.143461119 0.017751185 4.816841594 0.548909001 0.621291469 171.675 0.028661006 0.095 0.0095 13824 1296 15206.4 33259.35484 21859.2 0.045751 103.57956
37191 731151 13.06714669 8.013226207 9.15188458 0.005 0.074847331 0.535965029 0.765241386 1.367004961 0.65469445 0.295391005 0.002423957 0.035216402 0.047381972 0.010391534 0.143163329 0.017320792 4.73916403 0.5332762 0.606227723 169.8984 0.02779027 0.092688204 0.008888054 13824 1296 15206.4 33259.35484 21859.2 0.044109 44.58888
37192 731152 12.8733216 8.01043957 9.087618271 0.005 0.075529037 0.54487525 0.777648454 1.375804866 0.644787321 0.299142344 0.002460164 0.036297436 0.051537483 0.010628209 0.142859732 0.016881935 4.659809204 0.517338595 0.590867741 168.1344 0.026930797 0.090414726 0.008286251 13824 1296 15206.4 33259.35484 21859.2 0.042435 47.69604
37193 731153 12.67832097 8.007609329 9.024165126 0.005 0.076208206 0.553789667 0.790130379 1.384742468 0.635192245 0.302974787 0.002497394 0.037382098 0.055758017 0.010873686 0.142551385 0.016436133 4.579035794 0.501151603 0.575264666 166.3956 0.026096512 0.088217881 0.007704733 13824 1296 15206.4 33259.35484 21859.2 0.040734 9.45756
37194 731154 12.48254315 8.004745174 8.961620969 0.005 0.076883396 0.562696353 0.802669917 1.393787169 0.62591089 0.306877478 0.002535566 0.038467561 0.060029126 0.01112764 0.142239343 0.015984904 4.497102477 0.484770645 0.55947164 164.6568 0.025301341 0.086135988 0.007153644 13824 1296 15206.4 33259.35484 21859.2 0.039013 5.67
37195 731155 12.28638649 8.001856794 8.900081624 0.005 0.077553162 0.571583377 0.815249822 1.402908369 0.616944926 0.310839557 0.002574601 0.039550997 0.064336359 0.011389746 0.141924661 0.015529766 4.414267931 0.46825114 0.543541806 162.9432 0.024559208 0.084207363 0.006643125 13824 1296 15206.4 33259.35484 21859.2 0.037278 42.6384
37196 731156 12.09024934 7.99895388 8.839642916 0.005 0.07821606 0.580438812 0.827852849 1.412075467 0.608296022 0.314850168 0.002614415 0.040629582 0.068665267 0.01165968 0.141608396 0.015072237 4.330790835 0.451648505 0.527528307 161.2422 0.023884038 0.082470323 0.006183321 13824 1296 15206.4 34560 21859.2 0.035534 35.3808
37197 731157 11.89453005 7.99604612 8.780400667 0.005 0.078870647 0.589250728 0.840461752 1.421257866 0.599965847 0.318898451 0.002654928 0.041700487 0.0730014 0.011937114 0.141291604 0.014613837 4.246929865 0.435018161 0.511484284 159.5538 0.023289755 0.080963186 0.005784373 13824 1296 15206.4 34560 21859.2 0.033786 26.92116
37198 731158 11.69962697 7.993143206 8.722450702 0.005 0.079515479 0.598007198 0.853059286 1.430424965 0.59195607 0.32297355 0.002696058 0.042760888 0.077330307 0.012221725 0.140975339 0.014156082 4.162943699 0.418415527 0.495462882 157.878 0.022790285 0.079724267 0.005456424 16588.8 1296 15206.4 34560 21859.2 0.032042 19.3914
37199 731159 11.50593845 7.990254826 8.665888845 0.005 0.080149111 0.606696292 0.865628204 1.439546164 0.584268361 0.327064605 0.002737725 0.043807958 0.08163754 0.012513186 0.140660657 0.013700493 4.079091015 0.401896021 0.479517242 156.2274 0.022399553 0.078791886 0.005209617 16588.8 1296 15206.4 34560 21859.2 0.030307 81.9882
37200 731160 11.31386284 7.987390671 8.610810919 0.005 0.0807701 0.615306082 0.878151263 1.448590865 0.576904387 0.331160759 0.002779847 0.04483887 0.085908649 0.012811173 0.140348615 0.013248586 3.995630492 0.385515063 0.463700507 154.5894 0.022131483 0.078204358 0.005054095 16588.8 1296 15206.4 34560 21859.2 0.028586 110.95056
37201 731161 11.12379848 7.98456043 8.557312748 0.005 0.081377003 0.623824638 0.890611216 1.457528467 0.56986582 0.335251155 0.002822342 0.045850797 0.090129184 0.013115359 0.140040268 0.012801881 3.912820805 0.369328072 0.448065819 152.9766 0.022 0.078 0.005 16588.8 1296 15206.4 34560 21859.2 0.026885 113.4
37202 731162 10.93614373 7.981773793 8.505490157 0.005 0.081968375 0.632240034 0.902990817 1.466328372 0.563154326 0.339324933 0.00286513 0.046840914 0.094284694 0.01342542 0.139736671 0.012361895 3.830920634 0.353390467 0.432666322 151.3764 0.021942348 0.078008456 0.005 16588.8 1296 15206.4 34560 21859.2 0.025211 101.10744
37203 731163 10.75129694 7.979040451 8.455438968 0.005 0.082542772 0.640540338 0.915272822 1.47495998 0.556771576 0.343371236 0.00290813 0.047806394 0.098360731 0.01374103 0.139438881 0.011930147 3.750188656 0.337757666 0.417555157 149.7888 0.021886482 0.078035805 0.005 16588.8 1296 15206.4 34560 21859.2 0.023569 82.87272
37204 731164 10.56965645 7.976370092 8.407255007 0.005 0.083098752 0.648713624 0.927439985 1.483392691 0.550719239 0.347379206 0.002951259 0.04874441 0.102342845 0.014061864 0.139147952 0.011508156 3.670883549 0.32248509 0.402785468 148.2264 0.021832395 0.078085023 0.005 41385.6 1814.4 12960 34560 21859.2 0.021964 27.47078809
37205 731165 10.39162062 7.973772408 8.361034096 0.005 0.083634869 0.656747962 0.93947506 1.491595905 0.544998984 0.351337985 0.002994437 0.049652137 0.106216585 0.014387596 0.138864941 0.01109744 3.59326399 0.307628157 0.388410397 146.6892 0.021780081 0.078159081 0.005 25920 1814.4 12960 34560 21859.2 0.020403 57.9474
37206 731166 10.21758779 7.971257087 8.316872059 0.005 0.08414968 0.664631424 0.951360801 1.499539024 0.539612479 0.355236715 0.003037582 0.050526747 0.109967502 0.014717901 0.138590904 0.010699517 3.517588658 0.293242286 0.374483086 145.1646 0.021729533 0.078260954 0.005 22636.8 2419.2 12960 34560 21859.2 0.018892 38.2158
37207 731167 10.04795631 7.968833819 8.274864721 0.005 0.084641741 0.67235208 0.963079964 1.507191448 0.534561394 0.359064538 0.003080613 0.051365415 0.113581147 0.015052454 0.138326895 0.010315905 3.444116229 0.279382896 0.361056679 143.6652 0.021680744 0.078393615 0.005 41385.6 2419.2 15206.4 34560 21859.2 0.017436 77.40684
37208 731168 9.883124533 7.966512295 8.235107905 0.005 0.085109609 0.679898003 0.974615303 1.514522577 0.529847399 0.362810596 0.003123449 0.052165314 0.117043069 0.01539093 0.138073971 0.009948123 3.373105382 0.266105407 0.348184317 142.1784 0.021633706 0.078560038 0.005 37152 1814.4 15206.4 34560 21859.2 0.016041 53.6382
37209 731169 9.72349081 7.964302204 8.197697435 0.005 0.08555184 0.687257263 0.985949571 1.521501812 0.525472161 0.366464031 0.003166009 0.052923617 0.120338819 0.015733002 0.137833187 0.00959769 3.304814795 0.253465237 0.335919144 140.7294 0.021588414 0.078763197 0.005 33264 1814.4 15206.4 34560 21859.2 0.014713 79.24392
37210 731170 9.569453488 7.962213236 8.162729135 0.005 0.085966989 0.694417932 0.997065525 1.528098553 0.521437351 0.370013984 0.003208211 0.053637498 0.123453946 0.016078346 0.1376056 0.009266123 3.239503144 0.241517806 0.324314301 139.2804 0.021544859 0.079006065 0.005 25920 1296 15206.4 34560 21859.2 0.013458 82.215
37211 731171 9.421410916 7.960255081 8.130298828 0.005 0.086353613 0.701368081 1.007945918 1.534282201 0.517744638 0.373449599 0.003249974 0.054304132 0.126374002 0.016426636 0.137392264 0.008954941 3.177429108 0.230318532 0.313422933 137.8692 0.021503036 0.079291615 0.005 16588.8 1296 12960 34560 21859.2 0.012282 58.12884
37212 731172 9.279761445 7.958437428 8.100502339 0.005 0.086710268 0.708095781 1.018573505 1.540022156 0.514395689 0.376760016 0.003291217 0.05492069 0.129084537 0.016777547 0.137194236 0.008665662 3.118851365 0.219922835 0.30329818 136.4832 0.021462938 0.079622822 0.005 16588.8 1296 12960 34560 21859.2 0.01119 9.43488
37213 731173 9.144903422 7.956769968 8.073435492 0.005 0.087035511 0.714589105 1.02893104 1.545287819 0.511392175 0.379934379 0.003331859 0.055484348 0.1315711 0.017130754 0.13701257 0.008399805 3.064028592 0.210386134 0.293993187 135.1098 0.021424556 0.080002658 0.005 16588.8 1296 12960 34560 21859.2 0.010188 20.412
37214 731174 9.017235198 7.955262391 8.04919411 0.005 0.087327897 0.720836122 1.039001278 1.550048591 0.508735765 0.382961828 0.003371817 0.055992278 0.133819242 0.01748593 0.136848324 0.008158888 3.013219467 0.201763848 0.285561094 133.7742 0.021387886 0.080434098 0.005 16588.8 1296 12960 34560 21859.2 0.0092819 35.01792
37215 731175 8.897155122 7.953924385 8.027874017 0.005 0.087585982 0.726824905 1.048766973 1.554273871 0.506428128 0.385831506 0.003411012 0.056441654 0.135814513 0.017842752 0.136702551 0.00794443 2.966682668 0.194111396 0.278055046 132.4512 0.021352919 0.080920115 0.005 16588.8 1296 12960 34560 21859.2 0.0084779 32.16024
37216 731176 8.785061543 7.952765642 8.009571037 0.005 0.087808323 0.732543524 1.05821088 1.557933061 0.504470932 0.388532555 0.003449361 0.056829649 0.137542464 0.018200893 0.136576309 0.007757948 2.924676873 0.187484197 0.271528185 131.1534 0.021319649 0.081463682 0.005 16588.8 1296 12960 34560 21859.2 0.0077817 17.30484
37217 731177 8.68135281 7.95179585 7.994380994 0.005 0.087993477 0.737980051 1.067315753 1.56099556 0.502865848 0.391054117 0.003486784 0.057153439 0.138988644 0.018560028 0.136470653 0.007600961 2.887460758 0.181937671 0.266033652 129.8934 0.02128807 0.082067774 0.005 16588.8 1296 12960 34560 21859.2 0.007199 27.5562
37218 731178 8.586427274 7.951024701 7.982399712 0.005 0.088139998 0.743122558 1.076064347 1.56343077 0.501614543 0.393385334 0.003523199 0.057410195 0.140138604 0.018919831 0.136386638 0.007474988 2.855293003 0.177527235 0.261624591 128.646 0.021258173 0.082735364 0.005 37152 1296 12960 34560 21859.2 0.0067357 14.08428
37219 731179 8.500683283 7.950461882 7.973723014 0.005 0.088246444 0.747959115 1.084439417 1.565208091 0.500718687 0.395515347 0.003558524 0.057597091 0.140977895 0.019279978 0.136325321 0.007381547 2.828432284 0.17430831 0.258354145 127.4364 0.021229952 0.083469425 0.005 29462.4 1296 12960 34560 21859.2 0.0063975 13.9482
37220 731180 8.424519186 7.950117086 7.968446724 0.005 0.08831137 0.752477794 1.092423716 1.566296923 0.50017995 0.3974333 0.00359268 0.057711302 0.141492065 0.019640143 0.136287756 0.007322156 2.807137279 0.172336314 0.256275456 126.2394 0.021203401 0.084272931 0.005 37152 1296 12960 34560 21859.2 0.0061903 14.87808
37221 731181 8.358333333 7.95 7.966666667 0.005 0.088333333 0.756666667 1.1 1.566666667 0.5 0.399128333 0.003625583 0.05775 0.141666667 0.02 0.136275 0.007298333 2.791666667 0.171666667 0.255441667 125.0802 0.021178513 0.085148855 0.005 41385.6 1296 12960 34560 21859.2 0.00612 28.0098
37222 731182 8.297452488 7.950123658 7.967167386 0.005 0.08833024 0.760659019 1.107375576 1.566513885 0.500601579 0.400684589 0.003658142 0.057735724 0.141635633 0.02037745 0.136291801 0.007292837 2.779254969 0.171671383 0.255249296 123.9462 0.02115528 0.086100172 0.005 41385.6 1296 12960 34560 21859.2 0.0061282 30.52728
37223 731183 8.236940908 7.950491377 7.968659319 0.005 0.088320988 0.764596602 1.114768059 1.56605956 0.502390483 0.402194158 0.003691305 0.057693273 0.141543348 0.020790105 0.136341763 0.007287412 2.766964275 0.171685604 0.255059426 122.84118 0.021133695 0.087129855 0.005 50457.6 1296 12960 34560 21859.2 0.0061528 41.98068
37224 731184 8.176803179 7.951098277 7.971127127 0.005 0.088305617 0.768480181 1.122175668 1.565309723 0.505342968 0.403658107 0.003725054 0.057623211 0.141391037 0.021237209 0.136424221 0.007282058 2.75479461 0.17170944 0.254872046 121.76388 0.021113753 0.088240877 0.005 50457.6 1296 15206.4 34560 21859.2 0.0061941 58.03812
37225 731185 8.117043891 7.951939475 7.974555474 0.005 0.08828417 0.772310523 1.12959662 1.564270404 0.509435285 0.405077502 0.003759369 0.057526099 0.141179926 0.021718005 0.136538514 0.007276776 2.742745999 0.171743002 0.254687143 120.71682 0.021095445 0.089436212 0.005 45792 1296 12960 34560 21859.2 0.0062522 83.87064
37226 731186 8.057667631 7.953010092 7.978929022 0.005 0.088256687 0.776088394 1.137029132 1.562947635 0.514643689 0.406453409 0.003794234 0.057402503 0.140911238 0.022231739 0.136683977 0.007271563 2.730818468 0.1717864 0.254504705 119.7 0.021078765 0.090718833 0.005 45792 1296 15206.4 34560 10086.503 0.0063272 25.37892
37227 731187 7.998678988 7.954305245 7.984232432 0.005 0.088223208 0.779814561 1.144471422 1.561347446 0.520944433 0.407786895 0.003829629 0.057252985 0.1405862 0.022777652 0.136859948 0.007266421 2.719012042 0.171839742 0.25432472 118.70586 0.021063707 0.092091715 0.005 41385.6 1296 12960 34560 10086.503 0.0064194 15.6492
37228 731188 7.940082548 7.955820053 7.990450367 0.005 0.088183776 0.783489788 1.151921707 1.559475868 0.528313771 0.409079025 0.003865536 0.05707811 0.140206036 0.02335499 0.137065763 0.007261348 2.707326747 0.17190314 0.254147177 117.72558 0.021050263 0.09355783 0.005 41385.6 1296 12960 34560 10086.503 0.0065289 6.44112
37229 731189 7.881882902 7.957549635 7.997567489 0.005 0.08813843 0.787114844 1.159378205 1.557338932 0.536727955 0.410330867 0.003901936 0.05687844 0.139771971 0.023962995 0.137300759 0.007256345 2.695762607 0.171976704 0.253972062 116.75916 0.021038427 0.095120153 0.005 41385.6 1296 12960 34560 10086.503 0.0066559 29.77884
