date t temp ph ox ortp nh4 no silica cod bod phyto chla chlor dyno chrys crip daph eudi cyc daph_lit light ortp_krivica ortp_misca ortp_radovna q_jezernica q_krivica q_misca q_radovna q_natega diat light_m
37323 731283 4.838333333 8.381666667 10.49 0.005 0.063333333 1.013333333 1.633333333 1.033333333 2.6 0.500461667 0.006897875 0.007916667 0.033333333 0.11 0.194925 0.007046667 2.153333333 0.24 0.246633333 174.321 0.026874636 0.133847669 0.005 50457.6 864 12960 34560 7416.464516 0.12075 80.89956
37324 731284 4.842185317 8.381089658 10.51285698 0.005001138 0.062883979 1.015717752 1.632680104 1.033567925 2.598978326 0.509964563 0.006895794 0.007942833 0.034970444 0.110090748 0.194670713 0.00705998 2.156383759 0.252232298 0.247099302 176.1354 0.026730594 0.131271877 0.005 50457.6 864 10713.6 34560 7416.464516 0.12912 116.25768
37325 731285 4.853552855 8.379392982 10.5356645 0.005004507 0.062375824 1.018184113 1.630746131 1.034263841 2.59597476 0.533524077 0.006889677 0.008021169 0.039783301 0.110175518 0.193923147 0.007099119 2.16535155 0.28522317 0.248469178 177.9624 0.026594752 0.128734407 0.005 50457.6 864 10713.6 34560 7416.464516 0.14877 171.95976
37326 731286 4.872153324 8.376628159 10.55842209 0.005010043 0.061811459 1.020726187 1.627569986 1.035409293 2.591081481 0.570484083 0.006879711 0.008151427 0.047624198 0.110254617 0.192705244 0.007162883 2.179961481 0.338005519 0.250700921 179.8146 0.02646875 0.126253474 0.005 50457.6 864 10713.6 34560 7416.464516 0.17919 170.14536
37327 731287 4.897704103 8.372846713 10.58112933 0.00501768 0.061193474 1.023337741 1.62319024 1.036992495 2.584390672 0.620188452 0.006866084 0.008333363 0.058345423 0.11032835 0.19103995 0.007250071 2.199938326 0.409612247 0.253752488 181.6668 0.026354227 0.123847291 0.005 50457.6 864 10713.6 34560 7416.464516 0.21985 75.50172
37328 731288 4.92992257 8.368100166 10.60378577 0.005027353 0.060524462 1.026012544 1.617645464 1.039001658 2.575994513 0.681981056 0.006848984 0.008566729 0.071799268 0.110397023 0.188950206 0.007359481 2.225006859 0.499076258 0.257581836 183.519 0.026252824 0.121534074 0.005 50457.6 864 10713.6 34560 7416.464516 0.27021 215.0064
37329 731289 4.968526103 8.362440041 10.62639098 0.005038997 0.059807014 1.028744365 1.610974232 1.041424994 2.565985185 0.755205767 0.006828598 0.00885128 0.087838025 0.110460939 0.186458956 0.007489912 2.254891852 0.605430454 0.262146923 185.3964 0.026166181 0.119332039 0.005 50457.6 864 10713.6 34560 7416.464516 0.32975 203.8073055
37330 731290 5.013232081 8.355917859 10.64894451 0.005052545 0.059043719 1.031526972 1.603215114 1.044250716 2.55445487 0.839206458 0.006805115 0.00918677 0.106313983 0.110520406 0.183589142 0.007640163 2.28931808 0.727707739 0.267405708 187.2738 0.026095937 0.117259398 0.005 50457.6 864 10713.6 34560 7416.464516 0.39795 217.93212
37331 731291 5.063757881 8.348585144 10.67144593 0.005067933 0.05823717 1.034354135 1.594406682 1.047467037 2.541495748 0.933327 0.006778722 0.009572952 0.127079433 0.110575729 0.180363709 0.007809033 2.328010316 0.864941015 0.273316148 189.1638 0.026043732 0.115334369 0.005 50457.6 864 10713.6 34560 7416.464516 0.47428 240.0678
37332 731292 5.119820881 8.340493418 10.69389478 0.005085096 0.057389957 1.037219622 1.584587508 1.051062167 2.5272 1.036911266 0.006749606 0.010009581 0.149986667 0.110627212 0.1768056 0.00799532 2.370693333 1.016163184 0.2798362 191.0664 0.026011206 0.113575164 0.005 50457.6 864 10713.6 34560 7416.464516 0.5582 238.2534
37333 731293 5.181138461 8.331694203 10.71629064 0.005103967 0.056504672 1.040117201 1.573796163 1.05502432 2.511659808 1.149303128 0.006717956 0.010496411 0.174887974 0.110675162 0.172937757 0.008197824 2.417091907 1.180407151 0.286923823 192.969 0.026 0.112 0.005 50457.6 864 10713.6 34560 7416.464516 0.64919 241.3152
37334 731294 5.247427997 8.322239022 10.73863305 0.005124482 0.055583906 1.043040642 1.562071219 1.059341709 2.494967353 1.269846457 0.006683959 0.011033195 0.201635647 0.110719883 0.168783124 0.008415342 2.466930809 1.356705817 0.294536973 194.8842 0.026025318 0.110496606 0.005 45792 864 10713.6 34560 7416.464516 0.74672 227.20824
37335 731295 5.318406868 8.312179397 10.76092159 0.005146575 0.054630249 1.045983712 1.549451247 1.064002544 2.477214815 1.397885127 0.006647803 0.011619688 0.230081975 0.110761681 0.164364644 0.008646675 2.519934815 1.544092086 0.30263361 196.812 0.02609838 0.108947095 0.005 50457.6 864 10713.6 34560 7416.464516 0.85026 231.7181821
37336 731296 5.393792453 8.301566851 10.78315581 0.005170182 0.053646293 1.048940181 1.53597482 1.068995039 2.458494376 1.532763009 0.006609676 0.012255643 0.26007925 0.110800861 0.159705261 0.00889062 2.575828697 1.74159886 0.31117169 198.7398 0.026214844 0.107361255 0.005 55296 1296 12960 34560 7416.464516 0.9593 219.7159513
37337 731297 5.473302129 8.290452906 10.80533526 0.005195236 0.052634628 1.051903818 1.521680509 1.074307405 2.438898217 1.673823975 0.006569765 0.012940815 0.291479762 0.11083773 0.154827917 0.009145976 2.634337229 1.948259043 0.320109172 200.6676 0.02637037 0.105748872 0.005 41385.6 1296 12960 34560 7416.464516 1.0733 158.44248
37338 731298 5.556653275 8.278889084 10.82745952 0.005221672 0.051597847 1.05486839 1.506606885 1.079927856 2.418518519 1.820411897 0.006528258 0.013674957 0.324135802 0.110872591 0.149755556 0.009411543 2.695185185 2.163105537 0.329404012 202.608 0.026560619 0.104119735 0.005 41385.6 864 10713.6 34560 7416.464516 1.1917 225.666
37339 731299 5.643563268 8.266926909 10.84952813 0.005249425 0.050538539 1.057827666 1.490792521 1.085844603 2.397447462 1.971870648 0.006485344 0.014457823 0.357899662 0.110905751 0.14451112 0.009686119 2.758097339 2.385171245 0.33901417 204.5484 0.02678125 0.10248363 0.005 41385.6 864 10713.6 34560 7416.464516 1.314 77.4522
37340 731300 5.733749487 8.254617902 10.87154066 0.005278429 0.049459297 1.060775416 1.474275987 1.092045858 2.375777229 2.1275441 0.006441209 0.015289168 0.392623631 0.110937515 0.139117554 0.009968503 2.822798464 2.613489071 0.348897602 206.5014 0.027027922 0.100850345 0.005 9849.6 864 10713.6 34560 7416.464516 1.4397 163.88568
37341 731301 5.826929311 8.242013587 10.89349666 0.00530862 0.04836271 1.063705408 1.457095857 1.098519835 2.3536 2.286776124 0.006396041 0.016168744 0.42816 0.110968188 0.1335978 0.010257493 2.889013333 2.847091916 0.359012267 208.4544 0.027296296 0.099229668 0.005 13824 864 10713.6 34560 7416.464516 1.5683 217.728
37342 731302 5.922820116 8.229165484 10.91539571 0.005339931 0.047251371 1.066611411 1.4392907 1.105254744 2.331007956 2.448910594 0.006350029 0.017096307 0.464361061 0.110998076 0.127974802 0.010551889 2.956466722 3.085012683 0.369316121 210.4074 0.027582031 0.097631385 0.005 13824 864 10713.6 34560 7416.464516 1.6991 195.07068
37343 731303 6.021139282 8.216125118 10.93723734 0.005372298 0.04612787 1.069487192 1.420899089 1.112238799 2.308093278 2.61329138 0.006303359 0.01807161 0.501079104 0.111027485 0.122271502 0.010850489 3.024883402 3.326284277 0.379767124 212.373 0.027880787 0.096065285 0.005 13824 864 10713.6 34560 7416.464516 1.8318 45.04248
37344 731304 6.121604187 8.20294401 10.95902114 0.005405655 0.044994799 1.072326522 1.401959596 1.119460212 2.284948148 2.779262355 0.00625622 0.019094407 0.53816642 0.111056718 0.116510844 0.011152092 3.093988148 3.569939598 0.390323232 214.326 0.028188223 0.094541155 0.005 13824 864 10713.6 34560 7416.464516 1.9657 48.89808
37345 731305 6.223932208 8.189673683 10.98074665 0.005439937 0.043854747 1.075123168 1.382510792 1.126907194 2.261664746 2.946167391 0.0062088 0.020164451 0.575475299 0.111086083 0.110715772 0.011455497 3.163505734 3.815011552 0.400942404 216.2916 0.0285 0.093068782 0.005 13824 864 10713.6 34560 7416.464516 2.1003 41.52708
37346 731306 6.327840724 8.176365659 11.00241343 0.005475078 0.042710308 1.077870899 1.362591249 1.134567959 2.238335254 3.113350361 0.006161286 0.021281498 0.612858034 0.111115884 0.104909228 0.011759503 3.233160933 4.060533039 0.411582596 218.2572 0.028811777 0.091657954 0.005 13824 864 12960 34560 23500.8 2.2352 19.43676
37347 731307 6.433047113 8.163071461 11.02402105 0.005511013 0.04156407 1.080563484 1.342239538 1.142430718 2.215051852 3.280155137 0.006113865 0.022445301 0.650166914 0.111146427 0.099114156 0.012062908 3.302678519 4.305536963 0.422201768 220.2228 0.029119213 0.090318458 0.005 13824 864 12960 34560 23500.8 2.3697 101.87856
37348 731308 6.539268753 8.149842612 11.04556905 0.005547677 0.040418627 1.083194692 1.321494232 1.150483684 2.191906722 3.445925589 0.006066726 0.023655613 0.68725423 0.111178016 0.093353498 0.012364511 3.371783265 4.549056228 0.432757876 222.1884 0.029417969 0.089060081 0.005 16588.8 864 12960 34560 23500.8 2.5034 199.60668
37349 731309 6.646223022 8.136730632 11.06705702 0.005585005 0.039276568 1.085758291 1.300393901 1.158715069 2.168992044 3.610005592 0.006020057 0.024912189 0.723972273 0.111210958 0.087650198 0.012663111 3.440199945 4.790123735 0.443208879 224.154 0.029703704 0.087892612 0.005 16588.8 864 10713.6 34560 23500.8 2.6358 51.91452
37350 731310 6.753627299 8.123787047 11.08848449 0.00562293 0.038140485 1.08824805 1.278977118 1.167113086 2.1464 3.771739016 0.005974044 0.026214783 0.760173333 0.111245559 0.0820272 0.012957507 3.507653333 5.027772388 0.453512733 226.1196 0.029972078 0.086825836 0.005 16588.8 864 10713.6 34560 23500.8 2.7662 50.10012
37351 731311 6.861198962 8.111063376 11.10985103 0.005661388 0.037012968 1.090657737 1.257282454 1.175665946 2.124222771 3.930469735 0.005928877 0.027563149 0.795709703 0.111282122 0.076507446 0.013246497 3.573868203 5.26103509 0.463627398 228.0852 0.03021875 0.085869543 0.005 16588.8 1296 10713.6 34560 23500.8 2.8941 91.80864
37352 731312 6.968655388 8.098611144 11.13115621 0.005700313 0.03589661 1.092981122 1.235348481 1.184361861 2.102552538 4.085541619 0.005884742 0.02895704 0.830433672 0.111320954 0.07111388 0.013528881 3.638569328 5.488944743 0.47351083 230.0508 0.030439381 0.085033519 0.005 19526.4 864 10713.6 34560 23500.8 3.0192 56.54124
37353 731313 7.075713957 8.086481872 11.15239958 0.00573964 0.034794001 1.095211973 1.21321377 1.193189046 2.081481481 4.236298541 0.005841827 0.03039621 0.864197531 0.11136236 0.065869444 0.013803457 3.701481481 5.71053425 0.483120988 232.0038 0.03062963 0.084327552 0.005 19526.4 864 10713.6 34560 23500.8 3.1407 70.82964
37354 731314 7.182092045 8.074727084 11.17358069 0.005779303 0.033707731 1.097344058 1.190916894 1.20213571 2.061101783 4.382084374 0.005800321 0.031880414 0.896853571 0.111406645 0.060797083 0.014069024 3.762329438 5.924836515 0.492415828 233.9694 0.030785156 0.083761429 0.005 22636.8 1296 12960 34560 23500.8 3.2582 74.93472
37355 731315 7.287507032 8.0633983 11.19469912 0.005819238 0.032640393 1.099371146 1.168496423 1.211190067 2.041505624 4.522242989 0.00576041 0.033409406 0.928254083 0.111454115 0.055919739 0.01432438 3.82083797 6.130884439 0.50135331 235.9224 0.03090162 0.083344938 0.005 25920 1814.4 15206.4 34560 23500.8 3.3712 206.1612
37356 731316 7.391676295 8.052547045 11.21575441 0.005859379 0.031594577 1.101287007 1.14599093 1.220340329 2.022785185 4.656118259 0.005722283 0.034982939 0.958251358 0.111505076 0.051260356 0.014568325 3.876731852 6.327710927 0.50989139 237.8754 0.030974682 0.083087866 0.005 33264 2419.2 10713.6 34560 23500.8 3.4791 201.01284
37357 731317 7.494317213 8.04222484 11.23674613 0.00589966 0.030572874 1.103085407 1.123438985 1.229574709 2.005032647 4.783054055 0.005686127 0.036600767 0.986697686 0.111559832 0.046841876 0.014799658 3.929735857 6.51434888 0.517988027 239.8158 0.031 0.083 0.005 50457.6 3110.4 20217.6 34560 23500.8 3.5814 207.27252
37358 731318 7.595147164 8.032483208 11.25767384 0.005940016 0.029577876 1.104760118 1.100879162 1.238881418 1.988340192 4.902394251 0.00565213 0.038262645 1.013445359 0.111618689 0.042687243 0.015017176 3.97957476 6.689831202 0.525601177 241.7688 0.030967296 0.083001827 0.005 87264 2419.2 20217.6 34560 23500.8 3.6776 183.2544
37359 731319 7.693883525 8.023373671 11.2785371 0.005980382 0.028612173 1.106304906 1.078350031 1.248248669 1.9728 5.013482717 0.00562048 0.039968326 1.038346667 0.111681952 0.0388194 0.01521968 4.025973333 6.853190796 0.5326888 243.7092 0.030872768 0.083007271 0.005 64368 1814.4 15206.4 34560 23500.8 3.7671 180.1926
37360 731320 7.790243676 8.014947752 11.29933546 0.006020693 0.027678356 1.10771354 1.055890164 1.257664674 1.958504252 5.115663326 0.005591364 0.041717564 1.0612539 0.111749928 0.035261291 0.015405967 4.068656351 7.003460564 0.539208852 245.637 0.030721792 0.083016276 0.005 59011.2 1814.4 15206.4 34560 23500.8 3.8494 256.71492
37361 731321 7.883944994 8.007256973 11.32006849 0.006060882 0.026779017 1.10897979 1.033538133 1.267117645 1.94554513 5.20827995 0.005564971 0.043510113 1.082019351 0.11182292 0.032035858 0.015574837 4.107348587 7.13967341 0.545119292 247.5648 0.030519744 0.083028783 0.005 59011.2 2419.2 15206.4 34560 23500.8 3.9241 40.30236
37362 731322 7.974704857 8.000352857 11.34073575 0.006100885 0.025916747 1.110097424 1.011332509 1.276595795 1.934014815 5.290676461 0.005541487 0.045345727 1.100495309 0.111901235 0.029166044 0.015725088 4.141774815 7.260862235 0.550378077 249.4926 0.030272 0.083044736 0.005 53827.2 2419.2 15206.4 34560 23500.8 3.9904 226.59588
37363 731323 8.062240644 7.994286926 11.36133678 0.006140637 0.025094136 1.11106021 0.989311864 1.286087336 1.924005487 5.362196732 0.005521102 0.04722416 1.116534065 0.111985178 0.026674794 0.015855519 4.171659808 7.366059944 0.554943164 251.4078 0.029983936 0.083064079 0.005 43804.8 1814.4 12960 34560 23500.8 4.0481 119.4102
37364 731324 8.146269732 7.989110702 11.38187117 0.006180072 0.024313777 1.111861917 0.96751477 1.29558048 1.915609328 5.422184634 0.005504001 0.049145166 1.12998791 0.112075054 0.02458505 0.015964929 4.19672834 7.454299438 0.558772512 253.3104 0.029660928 0.083086755 0.005 43804.8 1814.4 12960 34560 23500.8 4.0964 141.90876
37365 731325 8.226509501 7.984875709 11.40233846 0.006219124 0.023578259 1.112496315 0.945979798 1.305063439 1.908918519 5.46998404 0.005490375 0.0511085 1.140709136 0.112171169 0.022919756 0.016052117 4.216705185 7.524613622 0.561824079 255.213 0.029308352 0.083112706 0.005 43804.8 1814.4 12960 34560 23500.8 4.1349 279.00936
37366 731326 8.302677327 7.981633468 11.42273821 0.006257729 0.022890174 1.112957171 0.92474552 1.314524426 1.90402524 5.504938821 0.005480409 0.053113914 1.148550032 0.112273828 0.021701853 0.016115881 4.231315117 7.576035397 0.564055822 257.103 0.028931584 0.083141876 0.005 38966.4 1814.4 12960 34560 23500.8 4.1631 245.3976
37367 731327 8.37449059 7.979435502 11.44306998 0.00629582 0.022252113 1.113238254 0.903850508 1.323951654 1.901021674 5.526392851 0.005474291 0.055161162 1.15336289 0.112383337 0.020954287 0.01615502 4.240282908 7.607597666 0.565425698 258.993 0.028536 0.083174208 0.005 38966.4 1814.4 15206.4 34560 23500.8 4.1804 150.66324
37368 731328 8.441666667 7.978333333 11.46333333 0.006333333 0.021666667 1.113333333 0.883333333 1.333333333 1.9 5.53369 0.005472211 0.05725 1.155 0.1125 0.0207 0.016168333 4.243333333 7.618333333 0.565891667 260.8704 0.028126976 0.083209646 0.005 34300.8 1814.4 12960 34560 23500.8 4.1862 67.67712
37369 731329 8.504592115 7.977810475 11.48324286 0.006372906 0.021103977 1.112818926 0.861828326 1.343526199 1.906225705 5.527538934 0.005480543 0.060267749 1.151370414 0.119457062 0.020738662 0.016127941 4.228229774 7.592477982 0.564477934 262.7352 0.027709888 0.083248132 0.005 34300.8 2419.2 12960 34560 23500.8 4.1741 205.29936
37370 731330 8.564065986 7.97731525 11.50255514 0.006416924 0.02053386 1.111312229 0.838095554 1.355296799 1.924295432 5.509538041 0.005504728 0.065009617 1.140835763 0.139420358 0.020850875 0.016010705 4.184392614 7.517434402 0.56037466 264.5874 0.027290112 0.08328961 0.005 34300.8 1814.4 10713.6 34560 23500.8 4.1388 316.7262
37371 731331 8.620424394 7.976846395 11.52133274 0.006464944 0.01995842 1.108868033 0.812362194 1.368498069 1.953298105 5.480365774 0.005543546 0.071337184 1.123927205 0.171389076 0.021030981 0.015822535 4.114032131 7.396986303 0.553788733 266.427 0.026873024 0.083334022 0.005 34300.8 1814.4 10713.6 34560 23500.8 4.0821 267.64668
37372 731332 8.674003457 7.976402646 11.53963822 0.00651652 0.019379764 1.105541126 0.784855426 1.382982944 1.992322643 5.44070059 0.005595777 0.07911203 1.101175899 0.214362407 0.021273324 0.015569344 4.019358601 7.234917396 0.544927041 268.254 0.026464 0.083381313 0.005 34300.8 1814.4 10713.6 34560 23500.8 4.0056 247.59756
37373 731333 8.72513929 7.97598274 11.55753415 0.00657121 0.018799996 1.101386296 0.755802428 1.398604359 2.040457969 5.391220942 0.005660203 0.088195735 1.073113004 0.26733954 0.021572244 0.015257042 3.902582301 7.035011388 0.533996471 270.081 0.026068416 0.083431424 0.005 34300.8 1814.4 10713.6 34560 23500.8 3.911 75.68316
37374 731334 8.774168011 7.975585414 11.57508309 0.006628568 0.018221221 1.096458333 0.725430376 1.415215251 2.096793003 5.332605285 0.005735603 0.098449878 1.040269679 0.329319666 0.021922085 0.01489154 3.765913508 6.801051992 0.521203912 271.8954 0.025691648 0.0834843 0.005 34300.8 1814.4 10713.6 34560 23500.8 3.8 255.0366
37375 731335 8.821425735 7.975209405 11.59234761 0.00668815 0.017645543 1.090812027 0.69396645 1.432668553 2.160416667 5.265532075 0.005820758 0.10973604 1.003177083 0.399301974 0.022317188 0.01447875 3.6115625 6.536822917 0.50675625 273.6846 0.025339072 0.083539883 0.005 34300.8 1814.4 10713.6 34560 23500.8 3.6742 204.14268
37376 731336 8.867248579 7.974853448 11.60939026 0.006749513 0.017075069 1.084502165 0.661637828 1.450817202 2.230417881 5.190679766 0.00591445 0.121915801 0.962366375 0.476285655 0.022751895 0.014024582 3.441739553 6.246107872 0.490860374 275.4738 0.025016064 0.083598117 0.005 34300.8 1296 10713.6 34560 20334.65806 3.5354 219.81456
37377 731337 8.91197266 7.974516282 11.62627361 0.006812213 0.016511903 1.077583536 0.628671687 1.469514133 2.305885569 5.108726814 0.006015457 0.134850741 0.918368714 0.559269899 0.023220549 0.013534948 3.258654944 5.932690567 0.473723172 277.2378 0.024728 0.083658945 0.005 34300.8 1296 10713.6 34560 20334.65806 3.3852 167.4918
37378 731338 8.955934094 7.974196642 11.64306023 0.006875804 0.01595815 1.070110931 0.595295205 1.488612281 2.385908649 5.020351672 0.006122562 0.14840244 0.871715258 0.647253894 0.023717493 0.013015758 3.06451895 5.600354713 0.455551531 278.9892 0.024480256 0.083722309 0.005 34300.8 1296 10713.6 34560 20334.65806 3.2253 275.63004
37379 731339 8.999468997 7.973893265 11.65981268 0.006939843 0.015415916 1.062139137 0.561735562 1.507964582 2.469576045 4.926232796 0.006234545 0.162432478 0.822937166 0.739236832 0.024237067 0.012472924 2.861541849 5.25288402 0.436552338 280.7406 0.024278208 0.083788154 0.005 30412.8 1814.4 10713.6 34560 20334.65806 3.0574 262.79316
37380 731340 9.042913487 7.973604889 11.67659352 0.007003887 0.014887305 1.053722944 0.528219934 1.52742397 2.555976676 4.827048641 0.006350185 0.176802435 0.772565598 0.834217903 0.024773615 0.011912357 2.651933916 4.894062196 0.416932483 282.4668 0.024127232 0.083856422 0.005 30412.8 2419.2 15206.4 34560 20334.65806 2.8831 308.92428
37381 731341 9.086603678 7.973330249 11.69346531 0.007067489 0.014374422 1.04491714 0.494975499 1.546843381 2.644199466 4.723477661 0.006468265 0.19137389 0.721131712 0.931196295 0.025321479 0.011339967 2.43790543 4.527672953 0.396898852 284.1678 0.024032704 0.083927056 0.005 30412.8 1814.4 15206.4 34560 20334.65806 2.7042 319.28904
37382 731342 9.130875688 7.973068082 11.71049062 0.007130208 0.013879372 1.035776515 0.462229437 1.566075751 2.733333333 4.616198312 0.006587564 0.206008425 0.669166667 1.029171199 0.025875 0.010761667 2.221666667 4.1575 0.376658333 285.8688 0.024 0.084 0.005 30412.8 1814.4 12960 34560 20334.65806 2.5223 310.30776
37383 731343 9.176065634 7.972817125 11.72773202 0.007191597 0.013404261 1.026355858 0.430208925 1.584974014 2.822467201 4.505889048 0.006706862 0.220567618 0.617201622 1.127141806 0.026428521 0.010183366 2.005427903 3.787327047 0.356417815 287.5446 0.024026148 0.084136121 0.005 30412.8 1296 12960 34560 20334.65806 2.3391 155.4438945
37384 731344 9.22250963 7.972576115 11.74525206 0.007251214 0.012951193 1.016709957 0.399141141 1.603391107 2.91068999 4.393228324 0.006824942 0.234913051 0.565767736 1.224107304 0.026976385 0.009610977 1.791399417 3.420937804 0.336384184 289.2078 0.024102041 0.084390141 0.005 30412.8 1296 12960 34560 20334.65806 2.1563 77.27076
37385 731345 9.270543795 7.972343789 11.76311331 0.007308614 0.012522273 1.006893601 0.369253263 1.621179964 2.997090622 4.278894595 0.006940583 0.248906302 0.515396167 1.319066885 0.027512933 0.009050409 1.581791484 3.06211598 0.316764328 290.8458 0.024223852 0.084752787 0.005 53827.2 1296 10713.6 34560 20334.65806 1.9756 162.68364
37386 731346 9.320504245 7.972118883 11.78137833 0.007363353 0.012119607 0.99696158 0.340772469 1.63819352 3.080758017 4.163566316 0.007052565 0.262408952 0.466618076 1.411019737 0.028032507 0.008507575 1.378814383 2.714645287 0.297765136 292.4712 0.024387755 0.085214789 0.005 34300.8 1296 12960 34560 20334.65806 1.7986 246.4182
37387 731347 9.372727095 7.971900133 11.80010969 0.007414986 0.0117453 0.986968682 0.313925937 1.654284711 3.160781098 4.047921941 0.00715967 0.275282581 0.41996462 1.498965051 0.028529451 0.007988386 1.184678389 2.382309433 0.279593495 294.084 0.024589923 0.085766871 0.005 34300.8 1296 12960 34560 20334.65806 1.627 134.80992
37388 731348 9.427548463 7.971686277 11.81936994 0.007463071 0.011401456 0.976969697 0.288940845 1.669306473 3.236248785 3.932639926 0.007260678 0.28738877 0.375966958 1.581902017 0.028998105 0.007498751 1.00159378 2.068892128 0.262456293 295.6716 0.024826531 0.086399762 0.005 34300.8 2419.2 15206.4 34560 20334.65806 1.4625 129.20796
37389 731349 9.485304464 7.971476052 11.83922166 0.007507161 0.011090181 0.967019413 0.266044372 1.68311174 3.30625 3.818398726 0.007354369 0.298589097 0.33515625 1.658829825 0.029432813 0.007044583 0.831770833 1.778177083 0.246560417 297.234 0.02509375 0.087104189 0.005 34300.8 1296 15206.4 34560 20334.65806 1.3068 109.45368
37390 731350 9.546331216 7.971268193 11.85972741 0.007546814 0.01081358 0.957172619 0.245463696 1.695553448 3.369873664 3.705876795 0.007439524 0.308745143 0.298063654 1.728747664 0.029827915 0.006631793 0.677419825 1.513948008 0.232112755 298.7838 0.025387755 0.08787088 0.005 34300.8 1296 12960 34560 20334.65806 1.1616 81.44388
37391 731351 9.610964834 7.971061438 11.88094975 0.007581585 0.010573757 0.947484104 0.227425994 1.706484532 3.426208698 3.595752587 0.007514924 0.317718488 0.265220329 1.790654725 0.030177756 0.006266291 0.540751033 1.279988612 0.219320196 300.321 0.025704719 0.088690561 0.005 30412.8 1296 12960 34560 20334.65806 1.0285 220.81248
37392 731352 9.679541435 7.970854523 11.90295124 0.00761103 0.010372818 0.938008658 0.212158444 1.715757928 3.474344023 3.488704559 0.00757935 0.325370713 0.237157434 1.843550197 0.030476676 0.005953989 0.423974733 1.080082604 0.208389626 301.8204 0.026040816 0.08955396 0.005 30412.8 1296 10713.6 34560 20334.65806 0.90924 58.71852
37393 731353 9.752397136 7.970646185 11.92579444 0.007634705 0.010212868 0.928801069 0.199888225 1.723226571 3.513368562 3.385411165 0.007631581 0.331563396 0.214406129 1.886433271 0.030719019 0.005700798 0.329301203 0.918013697 0.199527934 303.3072 0.026392219 0.090451804 0.005 30412.8 1296 10713.6 34560 20334.65806 0.80548 317.90556
37394 731354 9.829868053 7.970435161 11.94954193 0.007652165 0.010096011 0.919916126 0.190842515 1.728743396 3.542371234 3.286550859 0.007670399 0.336158118 0.19749757 1.918303136 0.030899125 0.005512629 0.258940719 0.797565598 0.192942007 304.7688 0.026755102 0.09137482 0.005 30412.8 1296 12960 34560 20334.65806 0.71891 341.42472
37395 731355 9.912290302 7.970220187 11.97425626 0.007662967 0.010024354 0.911408617 0.185248492 1.732161338 3.560440962 3.192802097 0.007694584 0.33901646 0.186962919 1.938158982 0.031011338 0.005395392 0.215103559 0.722522018 0.188838733 306.2178 0.027125638 0.092313736 0.005 43804.8 1814.4 15206.4 34560 20334.65806 0.65119 283.1598
37396 731356 10 7.97 12 0.007666667 0.01 0.903333333 0.183333333 1.733333333 3.566666667 3.104843333 0.007702917 0.34 0.183333333 1.945 0.03105 0.005355 0.2 0.696666667 0.187425 307.6416 0.0275 0.093259279 0.005 43804.8 1814.4 12960 34560 20334.65806 0.60403 248.95836
37397 731357 10.10557888 7.969773768 12.02880617 0.007662351 0.010014821 0.895183341 0.183481545 1.732710763 3.566265623 3.017274884 0.00768602 0.339057117 0.183943452 1.938929938 0.030946902 0.005390844 0.200964984 0.718973366 0.188679528 309.0276 0.027874362 0.094202177 0.005 43804.8 1814.4 12960 34560 20334.65806 0.56804 305.613
37398 731358 10.23994494 7.969542183 12.06237377 0.007649759 0.010058349 0.886458996 0.183916822 1.73090379 3.565077816 2.924658985 0.007636953 0.336320457 0.185714286 1.921311953 0.030647668 0.005494879 0.203765792 0.783717201 0.19232078 310.401 0.028244898 0.095133156 0.005 34300.8 1296 12960 34560 20334.65806 0.5328 319.96944
37399 731359 10.40093871 7.96930627 12.10026435 0.007629425 0.010129179 0.877226021 0.184625123 1.728003523 3.563126227 2.827616973 0.007558151 0.331928002 0.188556548 1.893034348 0.030167383 0.005661865 0.208261206 0.887633777 0.198165261 311.7492 0.028607781 0.096042944 0.005 34300.8 1296 12960 34560 20334.65806 0.49833 258.0984
37400 731360 10.58640072 7.969067055 12.14203945 0.007601883 0.010225908 0.867550137 0.18559241 1.724101069 3.56043384 2.726770183 0.007452049 0.326017736 0.192380952 1.854985423 0.029521137 0.005886556 0.21431001 1.027458698 0.206029474 313.0722 0.028959184 0.096922268 0.005 34300.8 1296 12960 34560 20334.65806 0.46467 76.8852
37401 731361 10.7941715 7.968825563 12.1872606 0.007567666 0.010347131 0.857497067 0.186804643 1.719287536 3.557023639 2.622739951 0.007321083 0.318727641 0.197098214 1.80805348 0.028724016 0.006163712 0.221770985 1.199927569 0.215729923 314.37 0.029295281 0.097761855 0.005 43804.8 3110.4 15206.4 34560 20334.65806 0.43188 90.31176
37402 731362 11.02209158 7.968582817 12.23548935 0.00752731 0.010491445 0.847132532 0.188247782 1.713654033 3.552918606 2.516147613 0.007167689 0.3101957 0.202619048 1.753126822 0.027791108 0.006488089 0.230502915 1.401775996 0.227083111 315.6426 0.029612245 0.098552434 0.005 87264 3110.4 20217.6 34560 20334.65806 0.39999 64.4112
37403 731363 11.26800147 7.968339844 12.28628723 0.007481347 0.010657445 0.836522254 0.189907787 1.707291667 3.548141724 2.407614503 0.0069943 0.300559896 0.208854167 1.69109375 0.0267375 0.006854444 0.240364583 1.629739583 0.239905543 316.89 0.02990625 0.09928473 0.005 53827.2 2419.2 17712 34560 20334.65806 0.36904 151.02612
37404 731364 11.52974172 7.968097668 12.33921579 0.007430312 0.010843729 0.825731955 0.191770619 1.700291545 3.542715976 2.297761959 0.006803354 0.289958212 0.215714286 1.622842566 0.02557828 0.007257535 0.251214772 1.880553936 0.254013722 318.1122 0.030173469 0.099949471 0.005 48729.6 1814.4 15206.4 34560 20334.65806 0.33908 143.88192
37405 731365 11.80515285 7.967857314 12.39383656 0.007374738 0.011048891 0.814827357 0.193822239 1.692744776 3.536664347 2.187211315 0.006597284 0.278528631 0.223110119 1.549261571 0.024328535 0.007692119 0.262912263 2.150954659 0.269224152 319.2966 0.030410077 0.100537385 0.005 34300.8 1814.4 12960 34560 20334.65806 0.31015 218.81664
37406 731366 12.09207538 7.967619807 12.44971109 0.00731516 0.011271527 0.803874183 0.196048607 1.684742468 3.530009818 2.076583908 0.006378528 0.266409135 0.230952381 1.471239067 0.023003353 0.008152952 0.275315841 2.437677357 0.285353337 320.4684 0.030612245 0.101039199 0.005 34300.8 1814.4 12960 34560 20334.65806 0.28229 356.46156
37407 731367 12.38834985 7.967386172 12.50640091 0.007252111 0.011510235 0.792938153 0.198435683 1.676375729 3.522775373 1.966501072 0.006149518 0.253737708 0.239151786 1.389663356 0.021617821 0.008634794 0.288284287 2.737457635 0.30221778 321.6024 0.030776148 0.101445641 0.005 30412.8 1296 12960 34560 20334.65806 0.25553 339.31548
37408 731368 12.69181678 7.967157434 12.56346757 0.007186126 0.011763609 0.78208499 0.200969428 1.667735666 3.514983995 1.857584145 0.005912692 0.240652332 0.247619048 1.305422741 0.020187026 0.0091324 0.301676385 3.047031098 0.319633985 322.7112 0.030897959 0.101747436 0.005 30412.8 1296 15206.4 34560 20334.65806 0.22993 324.39204
37409 731369 13.0003167 7.966934619 12.6204726 0.007117738 0.012030247 0.771380415 0.203635802 1.658913387 3.506658668 1.75045446 0.005670485 0.227290991 0.256264881 1.219405521 0.018726057 0.009640527 0.315350917 3.363133352 0.337418457 323.7822 0.030973852 0.101935314 0.005 30412.8 1296 12960 34560 20334.65806 0.20552 334.8378689
37410 731370 13.31169014 7.96671875 12.67697754 0.007047481 0.012308743 0.760890152 0.206420765 1.65 3.497822374 1.645733355 0.005425331 0.213791667 0.265 1.1325 0.01725 0.010153934 0.329166667 3.6825 0.355387698 324.8406 0.031 0.102 0.005 30412.8 1296 12960 34560 20334.65806 0.18235 318.33648
37411 731371 13.62377763 7.966510853 12.73254394 0.006975889 0.012597695 0.75067992 0.209310279 1.641086613 3.488498097 1.544042164 0.005179667 0.200292342 0.273735119 1.045594479 0.015773943 0.010667378 0.342982416 4.001866648 0.373358213 325.8612 0.030995918 0.101922438 0.005 30412.8 1296 12960 34560 20334.65806 0.16046 232.17516
37412 731372 13.93441969 7.966311953 12.78673333 0.006903496 0.012895697 0.740815443 0.212290303 1.632264334 3.478708819 1.446002224 0.004935926 0.186931001 0.282380952 0.959577259 0.014312974 0.011175614 0.356656948 4.317968902 0.391146504 326.844 0.030983963 0.101695291 0.005 30412.8 2419.2 20217.6 34560 20334.65806 0.13989 298.03788
37413 731373 14.24145685 7.966123075 12.83910725 0.006830837 0.013201346 0.731362442 0.215346797 1.623624271 3.468477524 1.35223487 0.004696546 0.173845625 0.290848214 0.875336644 0.012882179 0.011673402 0.370049046 4.627542365 0.408569077 327.8016 0.030964572 0.10132687 0.005 87264 2419.2 17712 34560 20334.65806 0.12067 314.48088
37414 731374 14.54272964 7.965945244 12.88922725 0.006758444 0.013513239 0.72238664 0.218465724 1.615257532 3.457827196 1.263361438 0.004463961 0.161174198 0.299047619 0.793760933 0.011496647 0.012155498 0.383017493 4.927322643 0.425442435 328.7214 0.030938183 0.100825485 0.005 59011.2 1814.4 15206.4 34560 20334.65806 0.10287 320.6952
37415 731375 14.83607859 7.965779485 12.93665486 0.006686852 0.013829971 0.713953757 0.221633041 1.607255224 3.446780816 1.180003263 0.004240606 0.149054703 0.306889881 0.715738429 0.010171465 0.012616659 0.39542107 5.214045341 0.441583081 329.616 0.030905234 0.100199446 0.005 48729.6 1814.4 15206.4 34560 20334.65806 0.086501 337.1382
37416 731376 15.11934423 7.965626822 12.98095162 0.006616595 0.014150138 0.706129517 0.224834711 1.599708455 3.435361369 1.102781682 0.004028917 0.137625121 0.314285714 0.642157434 0.00892172 0.013051643 0.407118562 5.484446064 0.45680752 330.4854 0.030866161 0.099457064 0.005 38966.4 1814.4 12960 34560 20334.65806 0.071623 289.26072
37417 731377 15.39036708 7.965488281 13.02167908 0.006548207 0.014472336 0.69897964 0.228056694 1.592708333 3.423591837 1.032318029 0.003831329 0.127023438 0.321145833 0.57390625 0.0077625 0.013455207 0.41796875 5.735260417 0.470932254 331.3044 0.030821403 0.098606648 0.005 34300.8 1296 12960 34560 20334.65806 0.058273 306.54288
37418 731378 15.64698767 7.965364887 13.05839876 0.006482222 0.014795162 0.692569849 0.23128495 1.586345967 3.411495204 0.969233641 0.003650278 0.117387634 0.327380952 0.511873178 0.006708892 0.013822108 0.427830418 5.963224004 0.483773788 332.0982 0.030771395 0.09765651 0.005 30412.8 1296 12960 34560 20334.65806 0.046493 324.2106
37419 731379 15.88704652 7.965257664 13.09067222 0.006419173 0.015117211 0.686965866 0.234505439 1.580712464 3.399094453 0.914149853 0.003488198 0.108855693 0.332901786 0.45694652 0.005775984 0.014147104 0.436562348 6.165072431 0.495148626 332.8668 0.030716577 0.096614958 0.005 26784 1296 12960 34560 20334.65806 0.036324 247.792994
37420 731380 16.10838418 7.965167638 13.118061 0.006359595 0.015437079 0.682233413 0.237704121 1.575898931 3.386412567 0.867688001 0.003347526 0.101565598 0.337619048 0.410014577 0.004978863 0.014424951 0.444023324 6.337541302 0.504873271 333.585 0.030657384 0.095490305 0.005 23500.8 1296 10713.6 34560 20334.65806 0.02781 82.3284
37421 731381 16.30884116 7.965095834 13.14012662 0.006304021 0.015753363 0.678438211 0.240866959 1.571996477 3.373472528 0.830469421 0.003230696 0.095655331 0.341443452 0.371965652 0.004332617 0.014650406 0.450072127 6.477366223 0.512764227 334.278 0.030594256 0.094290859 0.005 23500.8 1296 10713.6 34560 20334.65806 0.02099 323.19
37422 731382 16.486258 7.965043276 13.15643064 0.006252986 0.016064658 0.675645982 0.24397991 1.56909621 3.360297321 0.803115448 0.003140144 0.091262877 0.344285714 0.343688047 0.003852332 0.014818229 0.454567541 6.581282799 0.518637998 334.9332 0.030527628 0.093024931 0.005 23500.8 1296 12960 34560 20334.65806 0.015907 336.77532
37423 731383 16.63847521 7.96501099 13.16653458 0.006207023 0.01636956 0.673922449 0.247028937 1.567289237 3.346909929 0.786247418 0.003078305 0.088526216 0.346056548 0.326070062 0.003553098 0.014923174 0.457368349 6.646026634 0.522311088 335.5506 0.030457938 0.091700831 0.005 30412.8 1296 12960 34560 20334.65806 0.012603 40.27968
37424 731384 16.76333333 7.965 13.17 0.006166667 0.016666667 0.673333333 0.25 1.566666667 3.333333333 0.780486667 0.003047614 0.087583333 0.346666667 0.32 0.00345 0.01496 0.458333333 6.668333333 0.5236 336.1428 0.030385625 0.09032687 0.005 26784 1296 12960 34560 20334.65806 0.01112 295.49772
37425 731385 16.87323453 7.965608106 13.16584089 0.006129097 0.016973527 0.673339002 0.252946135 1.566741353 3.316742168 0.780633354 0.003033686 0.087589143 0.346549536 0.320292895 0.003477322 0.014961004 0.458322122 6.658285925 0.523635152 336.6846 0.030311124 0.088911357 0.005 23500.8 1296 12960 34560 20334.65806 0.010568 332.78364
37426 731386 16.98197677 7.96739319 13.1536319 0.006091181 0.017307494 0.673356009 0.255930328 1.566961811 3.294495116 0.781066273 0.003020491 0.087606581 0.346203649 0.321152683 0.003558723 0.01496198 0.458288291 6.628773751 0.523669296 337.1886 0.030234874 0.087462604 0.005 23500.8 1296 12960 34560 20334.65806 0.010032 308.7882
37427 731387 17.08949433 7.970296404 13.13377551 0.00605298 0.017666862 0.673384354 0.258953464 1.567322643 3.266891239 0.781774706 0.003007999 0.087635661 0.345637263 0.32255102 0.003693352 0.014962927 0.458231546 6.580741889 0.523702441 337.6674 0.030157312 0.08598892 0.005 23500.8 1296 10713.6 34560 20334.65806 0.009511 240.5214
37428 731388 17.19572147 7.974258899 13.10667423 0.006014555 0.018049928 0.673424036 0.262016429 1.56781845 3.234229596 0.782747937 0.002996181 0.087676397 0.344858635 0.324459562 0.003880359 0.014963846 0.458151591 6.515135417 0.523734595 338.0958 0.030078874 0.084498615 0.005 23500.8 1296 10713.6 34560 20334.65806 0.0090051 244.17288
37429 731389 17.30059245 7.979221826 13.07273054 0.005975969 0.018454988 0.673475057 0.265120108 1.568443833 3.196809248 0.783975249 0.002985008 0.087728803 0.343876023 0.326849962 0.004118894 0.014964736 0.458048132 6.432899411 0.523765766 338.4864 0.03 0.083 0.005 30412.8 1296 10713.6 34560 20334.65806 0.0085142 152.00136
37430 731390 17.40404153 7.985126336 13.03234694 0.005937284 0.018880339 0.673537415 0.268265386 1.569193392 3.154929255 0.785445926 0.002974449 0.087792894 0.342697685 0.329693878 0.004408107 0.014965599 0.457920873 6.334978949 0.523795961 338.8392 0.029921126 0.081501385 0.005 53827.2 1296 10713.6 34560 20334.65806 0.0080383 341.65152
37431 731391 17.50600298 7.99191358 12.98592593 0.005898561 0.019324276 0.673611111 0.271453147 1.570061728 3.108888678 0.787149252 0.002964474 0.087868683 0.341331877 0.332962963 0.004747148 0.014966434 0.457769519 6.222319108 0.523825188 339.1542 0.029842688 0.08001108 0.005 53827.2 1296 8726.4 34560 20334.65806 0.0075772 301.34916
37432 731392 17.60641105 7.999524709 12.93386999 0.005859862 0.019785097 0.673696145 0.274684277 1.571043444 3.058986577 0.789074509 0.002955056 0.087956184 0.339786857 0.336628874 0.005135167 0.014967242 0.457593776 6.095864965 0.523853456 339.4314 0.029765126 0.078537396 0.005 48729.6 2419.2 15206.4 34560 20334.65806 0.0071309 177.67512
37433 731393 17.70520002 8.007900875 12.87658163 0.005821249 0.020261096 0.673792517 0.277959662 1.572133139 3.005522014 0.791210982 0.002946162 0.088055412 0.338070883 0.340663265 0.005571313 0.014968022 0.457393348 5.956561598 0.523880772 339.6582 0.029688876 0.077088643 0.005 30412.8 2419.2 15206.4 34560 20334.65806 0.0066992 328.27032
37434 731394 17.80230415 8.016983227 12.81446334 0.005782784 0.020750571 0.673900227 0.281280185 1.573325415 2.948794047 0.793547953 0.002937765 0.08816638 0.336192213 0.345037793 0.006054737 0.014968776 0.45716794 5.805354085 0.523907144 339.8598 0.029614375 0.07567313 0.005 23500.8 1814.4 12960 34560 20334.65806 0.006282 321.4035881
37435 731395 17.89765769 8.026712918 12.74791761 0.005744529 0.021251817 0.674019274 0.284646732 1.574614872 2.889101738 0.796074707 0.002929835 0.088289102 0.334159102 0.349724112 0.006584589 0.014969502 0.456917257 5.643187502 0.52393258 340.011 0.029542062 0.074299169 0.005 53827.2 2419.2 15206.4 34560 20334.65806 0.0058792 279.59904
37436 731396 17.99119491 8.037031098 12.67734694 0.005706545 0.021763131 0.67414966 0.288060189 1.575996113 2.826744146 0.798780526 0.002922341 0.088423592 0.33197981 0.354693878 0.007160018 0.014970203 0.456641004 5.471006926 0.523957088 340.1118 0.029472372 0.072975069 0.005 53827.2 1814.4 15206.4 34560 20334.65806 0.0054908 274.35996
37437 731397 18.08285008 8.047878919 12.60315382 0.005668895 0.02228281 0.674291383 0.29152144 1.577463737 2.762020334 0.801654694 0.002915255 0.088569865 0.329662593 0.359918745 0.007780174 0.014970876 0.456338887 5.289757436 0.523980676 340.1748 0.029405744 0.071709141 0.005 48729.6 1296 12960 34560 21137.34194 0.0051167 150.64056
37438 731398 18.17255745 8.059197531 12.52574074 0.005631639 0.022809148 0.674444444 0.29503137 1.579012346 2.69522936 0.804686495 0.002908546 0.088727934 0.327215709 0.36537037 0.008444208 0.014971524 0.456010609 5.100384107 0.524003352 340.2 0.029342616 0.070509695 0.005 26784 1296 12960 34560 21137.34194 0.0047566 272.18268
37439 731399 18.26025129 8.070928086 12.4455102 0.005594841 0.023340443 0.674608844 0.298590865 1.58063654 2.626670285 0.807865212 0.002902185 0.088897813 0.324647416 0.371020408 0.009151269 0.014972146 0.455655877 4.903832019 0.524025123 340.1748 0.029283423 0.069385042 0.005 26784 1296 15206.4 34560 21137.34194 0.0044106 192.25836
37440 731400 18.34586586 8.083011734 12.3628647 0.005558562 0.02387499 0.67478458 0.302200809 1.582330922 2.55664217 0.811180129 0.002896143 0.089079517 0.32196597 0.376840514 0.009900507 0.014972743 0.455274394 4.701046247 0.524045998 340.1118 0.029228605 0.06834349 0.005 69897.6 3110.4 20217.6 34560 21137.34194 0.0040785 164.3166
37441 731401 18.42933543 8.095389627 12.27820673 0.005522863 0.024411087 0.674971655 0.305862088 1.584090091 2.485444075 0.814620529 0.002890389 0.089273059 0.319179629 0.382802343 0.010691072 0.014973314 0.454865866 4.492971869 0.524065984 340.011 0.029178597 0.067393352 0.005 53827.2 2419.2 15206.4 34560 21137.34194 0.0037602 212.2848
37442 731402 18.51059426 8.108002915 12.19193878 0.005487807 0.024947028 0.675170068 0.309575587 1.585908649 2.413375061 0.818175695 0.002884894 0.089478453 0.316296651 0.388877551 0.011522114 0.01497386 0.454429998 4.280553963 0.52408509 339.8598 0.029133839 0.066542936 0.005 53827.2 1814.4 12960 34560 21137.34194 0.0034557 159.5538
37443 731403 18.5895766 8.120792751 12.10446334 0.005453455 0.025481111 0.675379819 0.31334219 1.587781197 2.340734188 0.821834911 0.002879629 0.089695713 0.313325293 0.395037793 0.012392783 0.014974381 0.453966495 4.064737606 0.524103323 339.6708 0.029094766 0.065800554 0.005 53827.2 6652.8 20217.6 34560 21137.34194 0.0031648 170.93916
37444 731404 18.66621673 8.133700284 12.01618292 0.00541987 0.026011631 0.675600907 0.317162783 1.589702336 2.267820516 0.825587461 0.002874564 0.089924854 0.310273813 0.401254724 0.013302229 0.014974877 0.453475062 3.846467875 0.524120692 339.4314 0.029061817 0.065174515 0.005 53827.2 3110.4 17712 34560 21137.34194 0.0028874 185.79456
37445 731405 18.74044891 8.146666667 11.9275 0.005387112 0.026536885 0.675833333 0.321038251 1.591666667 2.194933106 0.829422627 0.002869669 0.090165889 0.307150468 0.4075 0.014249601 0.014975349 0.452955403 3.626689848 0.524137203 339.1668 0.029035428 0.06467313 0.005 53827.2 2419.2 15206.4 34560 21137.34194 0.0026234 288.9432
37446 731406 18.81220739 8.159633049 11.83881708 0.005355245 0.027055169 0.676077098 0.32496948 1.59366879 2.122371018 0.833329694 0.002864915 0.090418832 0.303963515 0.413745276 0.01523405 0.014975796 0.452407224 3.406348601 0.524152865 338.8518 0.029016037 0.064304709 0.005 48729.6 1814.4 15206.4 34560 21137.34194 0.0023727 281.8187847
37447 731407 18.88142645 8.172540582 11.75053666 0.005324329 0.02756478 0.6763322 0.328957353 1.595703308 2.050433313 0.837297945 0.002860272 0.090683697 0.300721212 0.419962207 0.016254726 0.01497622 0.45183023 3.186389212 0.524167687 338.499 0.029004082 0.064077562 0.005 48729.6 1814.4 12960 34560 21137.34194 0.0021353 118.09476
37448 731408 18.94804034 8.185330418 11.66306122 0.005294427 0.028064012 0.676598639 0.333002756 1.59776482 1.979419051 0.841316663 0.002855711 0.090960499 0.297431816 0.426122449 0.017310778 0.014976619 0.451224125 2.967756759 0.524181675 338.1084 0.029 0.064 0.005 48729.6 1814.4 12960 34560 21137.34194 0.001911 314.07264
37449 731409 19.01198332 8.197943707 11.57679327 0.0052656 0.028551164 0.676876417 0.337106575 1.599847929 1.909627292 0.845375132 0.002851201 0.091249251 0.294103585 0.432197657 0.018401356 0.014976995 0.450588615 2.751396318 0.524194838 337.68 0.029 0.064296404 0.005 53827.2 1814.4 12960 34560 21137.34194 0.0016996 213.3054
37450 731410 19.07318967 8.2103216 11.4921353 0.00523791 0.02902453 0.677165533 0.341269694 1.601947234 1.841357098 0.849462636 0.002846713 0.091549968 0.290744777 0.438159486 0.019525611 0.014977348 0.449923404 2.538252967 0.524207183 337.2138 0.029 0.065146744 0.005 43804.8 1814.4 12960 34560 21137.34194 0.0015012 227.75256
37451 731411 19.13159364 8.222405248 11.4094898 0.00521142 0.029482408 0.677465986 0.345492998 1.604057337 1.774907528 0.853568457 0.002842218 0.091862663 0.287363648 0.443979592 0.020682692 0.014977678 0.449228197 2.329271783 0.524218719 336.7098 0.029 0.066492711 0.005 87264 2505.6 20217.6 34560 21137.34194 0.0013156 261.29628
37452 731412 19.1871295 8.234135802 11.32925926 0.00518619 0.029923092 0.677777778 0.349777373 1.60617284 1.710577643 0.857681879 0.002837686 0.09218735 0.283968456 0.44962963 0.021871749 0.014977984 0.4485027 2.125397844 0.524229454 336.168 0.029 0.068275996 0.005 83635.2 2505.6 20217.6 34560 21137.34194 0.0011428 286.58448
37453 731413 19.2397315 8.245454415 11.25184618 0.005162283 0.030344881 0.678100907 0.354123703 1.608288342 1.648666503 0.861792186 0.002833087 0.092524043 0.280567458 0.455081255 0.023091933 0.014978268 0.447746617 1.927576227 0.524239394 335.5884 0.029 0.07043829 0.005 50803.2 1382.4 15206.4 34560 21137.34194 0.00098247 277.39908
37454 731414 19.28933392 8.256302235 11.17765306 0.005139761 0.030746069 0.678435374 0.358532875 1.610398445 1.589473169 0.865888662 0.002828392 0.092872756 0.277168913 0.460306122 0.024342392 0.01497853 0.446959654 1.736752009 0.52424855 334.971 0.029 0.072921283 0.005 41990.4 950.4 15206.4 34560 21137.34194 0.0008347 220.13208
37455 731415 19.33587101 8.266620415 11.10708239 0.005118685 0.031124953 0.678781179 0.363005771 1.61249775 1.533296701 0.869960588 0.002823571 0.093233504 0.273781077 0.465275888 0.025622277 0.014978769 0.446141515 1.553870267 0.524256927 334.3158 0.029 0.075666667 0.005 18835.2 691.2 15206.4 34560 21137.34194 0.00069933 222.69492
37456 731416 19.37927703 8.276350106 11.04053666 0.005099117 0.031479829 0.679138322 0.367543279 1.614580859 1.480436159 0.873997251 0.002818595 0.093606301 0.270412208 0.469962207 0.026930738 0.014978987 0.445291905 1.37987608 0.524264534 333.6354 0.029 0.078616132 0.005 13046.4 691.2 15206.4 34560 21137.34194 0.00057627 201.78396
37457 731417 19.41948626 8.285432459 10.97841837 0.00508112 0.031808994 0.679506803 0.372146282 1.616642371 1.431190605 0.877987931 0.002813433 0.093991159 0.267070563 0.474336735 0.028266925 0.014979182 0.444410529 1.215714523 0.524271379 332.9172 0.029 0.08171137 0.005 8208 691.2 12960 34560 21137.34194 0.00046541 216.79812
37458 731418 19.45643295 8.293808624 10.92113001 0.005064754 0.032110744 0.679886621 0.376815667 1.618676889 1.385859098 0.881921914 0.002808057 0.094388094 0.2637644 0.478371126 0.029629987 0.014979356 0.443497092 1.062330675 0.52427747 332.1612 0.029 0.084894072 0.005 15811.2 691.2 12960 34560 21137.34194 0.00036665 292.0797957
37459 731419 19.49005137 8.301419753 10.86907407 0.005050083 0.032383374 0.680277778 0.381552317 1.620679012 1.344740699 0.885788482 0.002802437 0.094797119 0.260501976 0.482037037 0.031019075 0.014979509 0.442551299 0.920669612 0.524282815 331.3674 0.029 0.088105928 0.005 15811.2 691.2 12960 34560 21137.34194 0.00027989 274.51872
37460 731420 19.52027577 8.308206997 10.82265306 0.005037166 0.032625181 0.680680272 0.386357119 1.622643343 1.308134468 0.889576919 0.002796542 0.095218249 0.257291549 0.485306122 0.032433339 0.014979641 0.441572856 0.791676412 0.524287422 330.5484 0.029 0.09128863 0.005 10540.8 691.2 12960 34560 21137.34194 0.00020502 224.89488
37461 731421 19.54704042 8.314111507 10.78226946 0.005026068 0.032834462 0.681094104 0.391230957 1.624564482 1.276339465 0.893276509 0.002790344 0.095651496 0.254141376 0.488150038 0.033871927 0.014979751 0.440561466 0.676296153 0.524291298 329.6916 0.029 0.094383868 0.005 10540.8 691.2 12960 34560 21137.34194 0.00014195 245.98728
37462 731422 19.57027959 8.319074434 10.74832577 0.005016848 0.033009512 0.681519274 0.396174716 1.62643703 1.249654752 0.896876535 0.002783812 0.096096876 0.251059715 0.490540438 0.035333992 0.014979841 0.439516835 0.575473911 0.524294452 328.8096 0.029 0.097333333 0.005 8208 691.2 12960 34560 21137.34194 0.00009058 41.0508
37463 731423 19.58992754 8.323036929 10.72122449 0.00500957 0.033148628 0.681955782 0.401189281 1.628255588 1.228379389 0.90036628 0.002776918 0.096554403 0.248054822 0.49244898 0.036818681 0.014979911 0.438438668 0.490154765 0.524296891 327.8898 0.029 0.100078717 0.005 4233.6 691.2 12960 34560 21137.34194 0.000050799 154.83636
37464 731424 19.60591853 8.325940143 10.7013681 0.005004294 0.033250106 0.682403628 0.406275538 1.630014757 1.212812435 0.903735028 0.002769631 0.09702409 0.245134956 0.493847317 0.038325146 0.014979961 0.43732667 0.42128379 0.524298624 326.9322 0.029 0.10256171 0.005 4233.6 691.2 12960 34560 21137.34194 0.00002251 265.28796
37465 731425 19.61818681 8.327725228 10.68915911 0.005001084 0.033312243 0.682862812 0.411434372 1.631709139 1.203252952 0.906972062 0.002761922 0.097505951 0.242308374 0.494707105 0.039852535 0.01497999 0.436180546 0.369806065 0.524299657 325.962 0.029 0.104724004 0.005 4233.6 432 10713.6 34560 21137.34194 5.6105E-06 161.77644
37466 731426 19.62666667 8.328333333 10.685 0.005 0.033333333 0.683333333 0.416666667 1.633333333 1.2 0.910066667 0.002753762 0.098 0.239583333 0.495 0.0414 0.01498 0.435 0.336666667 0.5243 324.9414 0.029 0.106507289 0.005 4233.6 432 10713.6 34560 21137.34194 0 73.5966
37467 731427 19.6331471 8.326214592 10.68521956 0.005010978 0.033333333 0.683979299 0.422344127 1.634992621 1.201317352 0.913216469 0.002744764 0.098824154 0.236895583 0.494903454 0.043323741 0.014911146 0.431706945 0.313297784 0.521890123 323.9082 0.029 0.107853256 0.005 4233.6 432 10713.6 34560 21137.34194 0 51.1434
37468 731428 19.63945137 8.320136234 10.68584944 0.005042472 0.033333333 0.684949002 0.428774082 1.636781485 1.205096642 0.916599766 0.002734666 0.100252267 0.234177603 0.494619519 0.045927594 0.014713616 0.424502012 0.290535034 0.514976543 322.8372 0.029 0.108703596 0.005 25574.4 950.4 15206.4 32005.16129 15245.41935 0 69.0606
37469 731429 19.64556514 8.310515063 10.68684645 0.005092323 0.033333333 0.68621872 0.435860855 1.638678328 1.211078717 0.920176842 0.002723628 0.102218257 0.231432743 0.494156751 0.049132165 0.014400952 0.413802979 0.268428637 0.504033333 321.7284 0.029 0.109 0.005 8208 691.2 12960 32005.16129 15245.41935 0 211.10544
37470 731430 19.65147403 8.29776788 10.6881674 0.00515837 0.033333333 0.68776473 0.443508768 1.640661556 1.219004427 0.923907981 0.002711806 0.104656041 0.228664357 0.493523706 0.052858055 0.013986702 0.40002763 0.247028811 0.489534568 320.607 0.028987425 0.108945508 0.005 8208 691.2 12960 32005.16129 15245.41935 0 244.76256
37471 731431 19.65716369 8.282311485 10.6897691 0.005238455 0.033333333 0.689563312 0.451622144 1.642709571 1.22861462 0.927753469 0.002699358 0.107499539 0.225875796 0.492728939 0.057025868 0.013484409 0.383593745 0.226385777 0.471954321 319.4478 0.02895044 0.108785239 0.005 8208 1382.4 10713.6 32005.16129 15245.41935 0 238.04928
37472 731432 19.66261976 8.264562682 10.69160836 0.005330418 0.033333333 0.691590743 0.460105307 1.644800777 1.239650146 0.93167359 0.002686443 0.110682669 0.223070411 0.491781006 0.061556209 0.012907619 0.364919104 0.206549754 0.451766667 318.2634 0.028890154 0.108523999 0.005 18835.2 691.2 10713.6 32005.16129 15245.41935 0 212.55696
37473 731433 19.66782788 8.244938272 10.69364198 0.005432099 0.033333333 0.693823302 0.468862578 1.64691358 1.251851852 0.935628628 0.002673217 0.11413935 0.220251554 0.490688464 0.066369681 0.012269877 0.344421489 0.187570961 0.429445679 317.0538 0.028807677 0.108166598 0.005 18835.2 950.4 12960 32005.16129 15245.41935 0 162.86508
37474 731434 19.6727737 8.223855055 10.69582676 0.005541338 0.033333333 0.696237267 0.477798282 1.649026383 1.264960587 0.93957887 0.002659839 0.117803499 0.217422578 0.489459866 0.071386887 0.011584727 0.322518682 0.169499618 0.405465432 315.819 0.028704118 0.107717843 0.005 18835.2 1382.4 20217.6 32005.16129 15245.41935 0 231.26796
37475 731435 19.67744286 8.201729835 10.69811953 0.005655977 0.033333333 0.698808916 0.486816741 1.65111759 1.278717201 0.943484598 0.002646466 0.121609036 0.214586833 0.488103771 0.07652843 0.010865714 0.299628462 0.152385944 0.3803 314.5464 0.028580587 0.107182543 0.005 22118.4 950.4 17712 32005.16129 15245.41935 0 209.81268
37476 731436 19.68182099 8.178979412 10.70047709 0.005773855 0.033333333 0.701514528 0.495822277 1.653165605 1.292862542 0.947306099 0.002633257 0.125489879 0.211747671 0.486628732 0.081714915 0.010126384 0.276168612 0.13628016 0.354423457 313.2612 0.028438193 0.106565505 0.005 55641.6 950.4 15206.4 32005.16129 15245.41935 0 249.04908
37477 731437 19.68589375 8.156020588 10.70285624 0.005892812 0.033333333 0.70433038 0.504719214 1.655148832 1.307137458 0.951003657 0.002620368 0.129379945 0.208908445 0.485043306 0.086866945 0.009380282 0.252556912 0.121232484 0.328309877 311.9508 0.028278047 0.105871538 0.005 25574.4 691.2 15206.4 32005.16129 15245.41935 0 100.38168
37478 731438 19.68964677 8.133270165 10.7052138 0.00601069 0.033333333 0.70723275 0.513411875 1.657045675 1.321282799 0.954537556 0.002607958 0.133213155 0.206072506 0.483356048 0.091905124 0.008640952 0.229211143 0.107293137 0.302433333 310.6026 0.028101257 0.105105449 0.005 107136 4233.6 27216 32005.16129 15245.41935 0 149.688
37479 731439 19.69306569 8.111144945 10.70750657 0.006125328 0.033333333 0.710197918 0.521804583 1.658834539 1.335039413 0.957868081 0.002596185 0.136923425 0.203243205 0.481575514 0.096750054 0.00792194 0.206549086 0.094512337 0.277267901 309.2418 0.027908934 0.104272047 0.005 53827.2 2505.6 27216 32005.16129 15245.41935 0 240.20388
37480 731440 19.69613616 8.090061728 10.70969136 0.006234568 0.033333333 0.71320216 0.52980166 1.660493827 1.348148148 0.960955518 0.002585206 0.140444675 0.200423895 0.47971026 0.10132234 0.00723679 0.184988522 0.082940304 0.253287654 307.8558 0.027702186 0.10337614 0.005 30153.6 3110.4 21859.2 32005.16129 15245.41935 0 255.8304
37481 731441 19.69884382 8.070437318 10.71172498 0.006336249 0.033333333 0.716221757 0.537307429 1.662001944 1.360349854 0.96376015 0.002575179 0.143710823 0.197617927 0.477768842 0.105542586 0.006599048 0.164947233 0.072627259 0.230966667 306.4446 0.027482124 0.102422536 0.005 26179.2 3110.4 21859.2 32005.16129 15245.41935 0 216.57132
37482 731442 19.70117431 8.052688515 10.71356423 0.006428211 0.033333333 0.719232984 0.544226213 1.663337293 1.37138538 0.966242263 0.002566261 0.146655787 0.194828652 0.475759815 0.109331394 0.006022257 0.146843 0.063623419 0.210779012 305.0208 0.027249856 0.101416043 0.005 26179.2 2419.2 16934.4 32005.16129 15245.41935 0 200.42316
37483 731443 19.70311327 8.03723212 10.71516593 0.006508296 0.033333333 0.722212122 0.550462336 1.664478278 1.380995573 0.968362141 0.002558612 0.149213486 0.192059424 0.473691736 0.112609368 0.005519965 0.131093603 0.055979005 0.193198765 303.5592 0.027006493 0.10036147 0.005 26179.2 2419.2 16934.4 32005.16129 15245.41935 0 127.09872
37484 731444 19.70464634 8.024484937 10.71648688 0.006574344 0.033333333 0.725135447 0.55592012 1.665403304 1.388921283 0.970080069 0.002552387 0.151317839 0.189313593 0.471573158 0.115297112 0.005105714 0.118116823 0.049744237 0.1787 302.085 0.026753144 0.099263623 0.005 26179.2 1814.4 16934.4 32005.16129 15245.41935 0 151.81992
37485 731445 19.70575917 8.014863766 10.71748389 0.006624195 0.033333333 0.727979239 0.560503888 1.666090775 1.394903358 0.971356332 0.002547746 0.152902763 0.18659451 0.46941264 0.11731523 0.004793051 0.108330442 0.044969334 0.16775679 300.5856 0.026490918 0.098127312 0.005 26179.2 1814.4 16934.4 32005.16129 15245.41935 0 139.30056
37486 731446 19.7064374 8.008785408 10.71811377 0.006655689 0.033333333 0.730719775 0.564117962 1.666519094 1.398682648 0.972151214 0.002544845 0.153902177 0.183905529 0.467218735 0.118584325 0.00459552 0.102152241 0.041704515 0.16084321 299.061 0.026220925 0.096957344 0.005 26179.2 1814.4 16934.4 32005.16129 15245.41935 0 191.60064
37487 731447 19.70666667 8.006666667 10.71833333 0.006666667 0.033333333 0.733333333 0.566666667 1.666666667 1.4 0.972425 0.002543843 0.15425 0.18125 0.465 0.119025 0.004526667 0.1 0.04 0.158433333 297.5238 0.025944275 0.095758527 0.005 26179.2 1814.4 16934.4 32005.16129 15245.41935 0 0
37488 731448 19.70403701 8.007050789 10.71666949 0.006664613 0.033323063 0.735928373 0.568632259 1.666666667 1.399917835 0.971663636 0.002544912 0.154214017 0.178574584 0.462359489 0.118973975 0.004527065 0.10131892 0.039114004 0.158447269 295.974 0.025662078 0.09453567 0.005 22550.4 1814.4 14515.2 32005.16129 15245.41935 0 150.3712953
37489 731449 19.69623672 8.008181965 10.71176974 0.006658563 0.033292817 0.738625181 0.570560689 1.666666667 1.399675872 0.969421549 0.002548061 0.154107221 0.175827129 0.458918551 0.118823717 0.004528252 0.105222923 0.038270309 0.158488831 294.3864 0.025375442 0.093293581 0.005 45100.8 2419.2 19353.6 32005.16129 15245.41935 0 211.53636
37490 731450 19.68339886 8.010028404 10.7037718 0.006648689 0.033243447 0.741417778 0.572451813 1.666666667 1.399280912 0.96576175 0.0025532 0.153931342 0.173012766 0.45471318 0.118578446 0.004530219 0.111632871 0.037467487 0.15855765 292.7988 0.025085477 0.092037067 0.005 30153.6 2419.2 19353.6 32005.16129 15245.41935 0 165.47328
37491 731451 19.66565645 8.012558316 10.69281335 0.006635161 0.033175803 0.744300183 0.574305491 1.666666667 1.398739754 0.960747247 0.002560241 0.15368811 0.17013663 0.449779374 0.118242387 0.004532953 0.120469628 0.036704107 0.158653356 291.1734 0.024793293 0.090770938 0.005 26179.2 1814.4 16934.4 32005.16129 15245.41935 0 138.5748
37492 731452 19.64314255 8.015739913 10.67903211 0.006618147 0.033090733 0.747266418 0.57612158 1.666666667 1.398059199 0.95444105 0.002569097 0.153379254 0.167203852 0.444153127 0.117819762 0.004536445 0.131654057 0.03597874 0.15877558 289.548 0.0245 0.0895 0.005 19267.2 1814.4 16934.4 32005.16129 15245.41935 0 144.08604
37493 731453 19.61599019 8.019541404 10.66256575 0.006597818 0.032989089 0.750310502 0.57789994 1.666666667 1.397246045 0.946906169 0.002579677 0.153006506 0.164219565 0.437870435 0.117314794 0.004540684 0.145107021 0.035289958 0.158923952 287.8974 0.024206707 0.088229062 0.005 19267.2 1814.4 16934.4 32005.16129 15245.41935 0 97.54668
37494 731454 19.58433242 8.023931001 10.64355199 0.006574344 0.03287172 0.753426455 0.579640428 1.666666667 1.396307094 0.938205612 0.002591894 0.152571594 0.161188902 0.430967295 0.116731706 0.00454566 0.160749383 0.034636331 0.159098104 286.2342 0.023914523 0.086962933 0.005 19267.2 1814.4 16934.4 32005.16129 15245.41935 0 164.0898
37495 731455 19.54830228 8.028876914 10.62212852 0.006547895 0.032739476 0.756608299 0.581342902 1.666666667 1.395249145 0.92840239 0.00260566 0.152076249 0.158116995 0.423479703 0.116074719 0.004551362 0.178502007 0.034016429 0.159297666 284.5458 0.023624558 0.085706419 0.005 19267.2 1814.4 14515.2 32005.16129 15245.41935 0 182.18844
37496 731456 19.50803281 8.034347352 10.59843304 0.006518642 0.032593208 0.759850053 0.583007222 1.666666667 1.394078998 0.917559512 0.002620886 0.151522201 0.155008977 0.415443654 0.115348058 0.004557779 0.198285755 0.033428824 0.159522268 282.8448 0.023337922 0.08446433 0.005 19267.2 1814.4 14515.2 32005.16129 15245.41935 0 187.42752
37497 731457 19.46365706 8.040310528 10.57260324 0.006486753 0.032433765 0.763145737 0.584633245 1.666666667 1.392803452 0.905739988 0.002637483 0.150911179 0.151869981 0.406895144 0.114555944 0.004564901 0.220021491 0.032872087 0.159771542 281.1312 0.023055725 0.083241473 0.005 22550.4 1814.4 14515.2 32005.16129 15245.41935 0 190.94292
37498 731458 19.41530806 8.046734651 10.54477682 0.006452399 0.032261997 0.766489373 0.58622083 1.666666667 1.391429308 0.893006826 0.002655363 0.150244914 0.148705139 0.397870169 0.1137026 0.004572718 0.243630077 0.032344787 0.160045118 279.405 0.022779075 0.082042656 0.005 19267.2 1814.4 14515.2 32005.16129 15245.41935 0 82.57788
37499 731459 19.36311887 8.053587932 10.51509149 0.006415751 0.032078754 0.76987498 0.587769835 1.666666667 1.389963366 0.879423037 0.002674437 0.149525136 0.145519584 0.388404725 0.11279225 0.004581218 0.269032378 0.031845496 0.160342627 277.6536 0.022509082 0.080872688 0.005 26179.2 1814.4 14515.2 34560 22464 0 209.47248
37500 731460 19.30722251 8.060838582 10.48368493 0.006376977 0.031884886 0.773296579 0.589280119 1.666666667 1.388412425 0.865051629 0.002694618 0.148753573 0.142318449 0.378534808 0.111829116 0.004590391 0.296149255 0.031372785 0.160663699 275.9022 0.022246856 0.079736377 0.005 22550.4 1814.4 14515.2 34560 22464 0 216.7074
37501 731461 19.24775205 8.06845481 10.45069485 0.006336249 0.031681244 0.776748189 0.590751539 1.666666667 1.386783285 0.849955612 0.002715816 0.147931958 0.139106866 0.368296414 0.11081742 0.004600228 0.324901573 0.030925223 0.161007966 274.1256 0.021993507 0.07863853 0.005 19267.2 1814.4 12268.8 34560 22464 0 213.50952
37502 731462 19.18484051 8.076404828 10.41625894 0.006293735 0.031468677 0.780223832 0.592183954 1.666666667 1.385082746 0.834197996 0.002737943 0.147062018 0.135889967 0.357725538 0.109761385 0.004610716 0.355210194 0.030501383 0.161375057 272.3364 0.021750144 0.077583957 0.005 19267.2 1814.4 12268.8 34560 22464 0 168.67116
37503 731463 19.11862094 8.084656846 10.38051491 0.006249607 0.031248034 0.783717528 0.593577223 1.666666667 1.383317609 0.817841791 0.00276091 0.146145485 0.132672887 0.346858177 0.108665235 0.004621846 0.386995982 0.030099835 0.161764603 270.5346 0.021517876 0.076577464 0.005 19267.2 1814.4 12268.8 34560 22464 0 190.71612
37504 731464 19.04922638 8.093179075 10.34360044 0.006204033 0.031020167 0.787223296 0.594931203 1.666666667 1.381494672 0.800950004 0.00278463 0.145184088 0.129460756 0.335730326 0.107533191 0.004633607 0.420179799 0.029719149 0.162176236 268.7328 0.021297814 0.07562386 0.005 19267.2 1296 12268.8 34560 22464 0 222.67224
37505 731465 18.97678988 8.101939725 10.30565324 0.006157185 0.030785925 0.790735158 0.596245754 1.666666667 1.379620736 0.783585647 0.002809013 0.144179558 0.126258708 0.324377981 0.106369477 0.004645988 0.454682509 0.029357897 0.162609586 266.9058 0.021091066 0.074727953 0.005 16502.4 1296 12268.8 34560 22464 0 201.19428
37506 731466 18.90144447 8.110907006 10.26681101 0.006109232 0.030546158 0.794247134 0.597520733 1.666666667 1.377702601 0.765811729 0.002833971 0.143133623 0.123071876 0.312837139 0.105178315 0.00465898 0.490424975 0.029014648 0.163064283 265.0788 0.020898743 0.073894551 0.005 16502.4 1296 12268.8 34560 22464 0 137.64492
37507 731467 18.82332321 8.120049129 10.22721144 0.006060343 0.030301717 0.797753243 0.598755998 1.666666667 1.375747067 0.747691258 0.002859416 0.142048015 0.119905392 0.301143795 0.103963929 0.00467257 0.52732806 0.028687975 0.163539959 263.2392 0.020721953 0.073128462 0.005 16502.4 1296 12268.8 34560 22464 0 92.85192
37508 731468 18.74255912 8.129334305 10.18699223 0.00601069 0.03005345 0.801247506 0.599951409 1.666666667 1.373760933 0.729287245 0.002885259 0.140924463 0.116764389 0.289333945 0.102730539 0.00468675 0.565312627 0.028376446 0.164036243 261.3744 0.020561807 0.072434495 0.005 16502.4 1296 12268.8 34560 22464 0 28.50876
37509 731469 18.65928527 8.138730744 10.14629107 0.005960442 0.029802208 0.804723944 0.601106823 1.666666667 1.371750999 0.710662699 0.002911412 0.139764696 0.113653999 0.277443584 0.101482371 0.004701508 0.60429954 0.028078635 0.164552767 259.5222 0.020419413 0.071817457 0.005 26179.2 1814.4 14515.2 34560 22464 0 24.90264
37510 731470 18.57363468 8.148206657 10.10524567 0.005909768 0.029548842 0.808176577 0.602222099 1.666666667 1.369724066 0.691880629 0.002937785 0.138570446 0.110579354 0.26550871 0.100223645 0.004716833 0.644209661 0.02779311 0.165089161 257.6448 0.020295882 0.071282157 0.005 30153.6 1814.4 14515.2 34560 22464 0 19.1646
37511 731471 18.4857404 8.157730254 10.06399373 0.00585884 0.0292942 0.811599425 0.603297096 1.666666667 1.367686933 0.673004044 0.002964292 0.137343441 0.107545589 0.253565317 0.098958585 0.004732716 0.684963854 0.027518443 0.165645056 255.7674 0.020192323 0.070833402 0.005 30153.6 1296 12268.8 34560 22464 0 27.39744
37512 731472 18.39573547 8.167269746 10.02267294 0.005807827 0.029039133 0.814986509 0.60433167 1.666666667 1.3656464 0.654095956 0.002990843 0.136085413 0.104557835 0.241649401 0.097691415 0.004749145 0.726482982 0.027253204 0.166220083 253.8774 0.020109846 0.070476001 0.005 26179.2 1296 12268.8 34560 22464 0 35.08596
37513 731473 18.30375294 8.176793343 9.981420992 0.005756898 0.028784492 0.818331848 0.605325682 1.666666667 1.363609267 0.635219371 0.00301735 0.13479809 0.101621225 0.229796959 0.096426355 0.004766111 0.768687908 0.026995965 0.166813872 251.9748 0.02004956 0.070214761 0.005 22550.4 1296 12268.8 34560 22464 0 166.99284
37514 731474 18.20992584 8.186269256 9.940375595 0.005706225 0.028531125 0.821629464 0.606278988 1.666666667 1.361582334 0.616437301 0.003043723 0.133483202 0.098740891 0.218043987 0.095167629 0.004783602 0.811499494 0.026745296 0.167426055 250.0722 0.020012575 0.070054492 0.005 19267.2 1296 12268.8 34560 22464 0 124.74
37515 731475 18.11438722 8.195665695 9.899674441 0.005655977 0.028279883 0.824873376 0.607191448 1.666666667 1.3595724 0.597812755 0.003069876 0.132142481 0.095921967 0.206426479 0.093919461 0.004801607 0.854838605 0.026499768 0.16805626 248.157 0.02 0.07 0.005 16502.4 1296 12268.8 34560 22464 0 107.09496
37516 731476 18.01727013 8.204950871 9.85945523 0.005606323 0.028031617 0.828057604 0.60806292 1.666666667 1.357586266 0.579408742 0.003095719 0.130777655 0.093169585 0.194980433 0.092686071 0.004820118 0.898626104 0.026257951 0.168704121 246.2418 0.020002121 0.070045964 0.005 16502.4 1296 12268.8 34560 22464 0 173.79684
37517 731477 17.9187076 8.214092994 9.819855658 0.005557435 0.027787175 0.83117617 0.608893262 1.666666667 1.355630732 0.561288271 0.003121164 0.129390454 0.090488877 0.183741843 0.091471685 0.004839122 0.942782853 0.026018416 0.169369266 244.314 0.020008425 0.070181906 0.005 16502.4 1296 12268.8 34560 22464 0 196.22736
37518 731478 17.81883268 8.223060275 9.781013424 0.005509482 0.027547408 0.834223094 0.609682332 1.666666667 1.353712597 0.543514353 0.003146122 0.12798261 0.087884976 0.172746706 0.090280523 0.004858609 0.987229715 0.025779735 0.170051327 242.3862 0.020018828 0.070404901 0.005 16502.4 1296 12268.8 34560 22464 0 174.45456
37519 731479 17.7177784 8.231820925 9.743066225 0.005462633 0.027313166 0.837192395 0.610429989 1.666666667 1.351838661 0.526149996 0.003170505 0.12655585 0.085363015 0.162031019 0.089116809 0.00487857 1.031887555 0.025540477 0.170749935 240.4584 0.020033242 0.070712023 0.005 26179.2 2419.2 16934.4 34560 22464 0 150.9354
37520 731480 17.61567782 8.240343154 9.706151759 0.00541706 0.027085299 0.840078094 0.611136091 1.666666667 1.350015725 0.509258209 0.003194225 0.125111906 0.082928127 0.151630775 0.087984765 0.004898992 1.076677234 0.025299214 0.171464719 238.518 0.020051581 0.071100348 0.005 45100.8 3110.4 16934.4 34560 22464 0 111.08664
37521 731481 17.51266398 8.248595172 9.670407724 0.005372931 0.026864657 0.842874212 0.611800497 1.666666667 1.348250587 0.492902004 0.003217192 0.123652507 0.080585443 0.141581973 0.086888615 0.004919866 1.121519617 0.025054517 0.172195312 236.5776 0.02007376 0.07156695 0.005 30153.6 2419.2 14515.2 34560 22464 0 79.24392
37522 731482 17.40886991 8.25654519 9.635971817 0.005330418 0.026652089 0.845574768 0.612423064 1.666666667 1.346550049 0.477144388 0.003239319 0.122179384 0.078340097 0.131920606 0.08583258 0.004941181 1.166335565 0.024804955 0.172941343 234.6372 0.020099692 0.072108903 0.005 49420.8 3110.4 16934.4 34560 22464 0 61.73496
37523 731483 17.30442866 8.264161418 9.602981737 0.005289689 0.026448447 0.848173783 0.613003652 1.666666667 1.344920909 0.462048371 0.003260517 0.120694266 0.076197222 0.122682672 0.084820884 0.004962927 1.211045943 0.0245491 0.173702443 232.6842 0.020129292 0.072723283 0.005 49420.8 3888 16934.4 34560 22464 0 81.46656
37524 731484 17.19947327 8.271412068 9.57157518 0.005250916 0.026254579 0.850665278 0.613542118 1.666666667 1.343369968 0.447676963 0.003280698 0.119198883 0.07416195 0.113904166 0.08385775 0.004985093 1.255571614 0.024285523 0.174478243 230.7312 0.020162472 0.073407165 0.005 45100.8 2419.2 16934.4 34560 22464 0 120.771
37525 731485 17.09413679 8.278265349 9.541889845 0.005214267 0.026071336 0.853043272 0.614038321 1.666666667 1.341904025 0.434093174 0.003299772 0.117694965 0.072239413 0.105621085 0.0829474 0.005007668 1.299833441 0.024012794 0.175268373 228.7782 0.020199148 0.074157622 0.005 26179.2 1814.4 16934.4 34560 22464 0 109.998
37526 731486 16.98855226 8.284689472 9.514063429 0.005179914 0.025899568 0.855301786 0.614492119 1.666666667 1.340529881 0.421360012 0.003317652 0.116184242 0.070434745 0.097869423 0.082094056 0.005030642 1.343752286 0.023729484 0.176072465 226.8252 0.020239232 0.074971731 0.005 26179.2 1814.4 14515.2 34560 22464 0 27.8964
37527 731487 16.88285271 8.290652648 9.48823363 0.005148025 0.025740125 0.857434841 0.614903371 1.666666667 1.339254336 0.409540488 0.003334249 0.114668445 0.068753078 0.090685177 0.081301942 0.005054004 1.387249013 0.023434164 0.176890149 224.8722 0.020282639 0.075846565 0.005 16502.4 1814.4 14515.2 34560 22464 0 30.59532
37528 731488 16.7771712 8.296123086 9.464538146 0.005118771 0.025593857 0.859436456 0.615271934 1.666666667 1.338084188 0.39869761 0.003349475 0.113149302 0.067199544 0.084104343 0.080575281 0.005077744 1.430244486 0.023125405 0.177721055 222.9192 0.020329283 0.0767792 0.005 16502.4 1814.4 14515.2 34560 22464 0 17.39556
37529 731489 16.67164076 8.301068999 9.443114674 0.005092323 0.025461613 0.861300653 0.615597668 1.666666667 1.337026239 0.388894388 0.003363241 0.111628544 0.065779276 0.078162917 0.079918294 0.005101852 1.472659566 0.022801776 0.178564814 220.9662 0.020379077 0.07776671 0.005 16502.4 1814.4 14515.2 32283.87097 22464 0 13.1544
37530 731490 16.56639443 8.305458596 9.424100913 0.005068849 0.025344244 0.86302145 0.61588043 1.666666667 1.336087288 0.380193831 0.003375458 0.110107901 0.064497408 0.072896894 0.079335206 0.005126316 1.514415118 0.02246185 0.179421058 219.0006 0.020431935 0.078806169 0.005 16502.4 1814.4 12268.8 32283.87097 22464 0 42.16212
37531 731491 16.46156527 8.309260087 9.40763456 0.00504852 0.0252426 0.864592869 0.616120078 1.666666667 1.335274135 0.37265895 0.003386038 0.108589103 0.06335907 0.06834227 0.078830238 0.005151126 1.555432005 0.022104197 0.180289416 217.0476 0.020487772 0.079894654 0.005 16502.4 1296 12268.8 32283.87097 22464 0 129.45744
37532 731492 16.35728631 8.312441684 9.393853312 0.005031506 0.025157531 0.86600893 0.616316472 1.666666667 1.334593579 0.366352753 0.003394894 0.10707388 0.062369397 0.064535042 0.078407613 0.005176272 1.595631089 0.021727388 0.181169519 215.0946 0.020546501 0.081029238 0.005 16502.4 1296 12268.8 32283.87097 22464 0 111.67632
37533 731493 16.25369059 8.314971596 9.382894868 0.005017977 0.025089886 0.867263653 0.61646947 1.666666667 1.334052421 0.36133825 0.003401935 0.105563961 0.061533521 0.061511205 0.078071554 0.005201743 1.634933234 0.021329992 0.182060999 213.1416 0.020608036 0.082206996 0.005 16502.4 1296 12268.8 32283.87097 22464 0 33.54372
37534 731494 16.15091116 8.316818035 9.374896925 0.005008103 0.025040516 0.868351059 0.616578929 1.666666667 1.333657461 0.357678451 0.003407074 0.104061077 0.060856575 0.059306755 0.077826283 0.005227528 1.673259304 0.020910582 0.182963485 211.2012 0.020672291 0.083425004 0.005 16502.4 1814.4 12268.8 32283.87097 22464 0 10.52352
37535 731495 16.04908106 8.317949211 9.369997181 0.005002054 0.025010271 0.869265168 0.616644709 1.666666667 1.333415499 0.355436364 0.003410223 0.102566958 0.06034369 0.057957688 0.077676025 0.005253617 1.71053016 0.020467728 0.183876608 209.2482 0.020739179 0.084680335 0.005 22550.4 1814.4 14515.2 32283.87097 22464 0 87.22728
37536 731496 15.94833333 8.318333333 9.368333333 0.005 0.025 0.87 0.616666667 1.666666667 1.333333333 0.354675 0.003411292 0.101083333 0.06 0.0575 0.077625 0.00528 1.746666667 0.02 0.1848 207.3078 0.020808615 0.085970065 0.005 19267.2 1814.4 12268.8 32283.87097 22464 0 77.99652
37537 731497 15.84675303 8.318053058 9.368374943 0.005 0.025019348 0.870639002 0.616294794 1.667306122 1.333530751 0.354679465 0.003409854 0.099578387 0.059745104 0.057500875 0.077692443 0.005308592 1.782273748 0.019516133 0.185800727 205.3674 0.020880513 0.087291268 0.005 19267.2 1296 12268.8 32283.87097 22464 0.00011553 95.1426
37538 731498 15.74237649 8.317218637 9.368521927 0.005 0.025076718 0.87126922 0.615194114 1.669197279 1.334115785 0.354703617 0.003405585 0.098019964 0.059495272 0.057506997 0.077892637 0.005341239 1.818008041 0.01902589 0.186943364 203.4396 0.020954786 0.088641019 0.005 19267.2 1814.4 12268.8 32283.87097 22464 0.0004572 88.74684
37539 731499 15.63526366 8.315839672 9.368807519 0.005 0.025171095 0.871890073 0.613387033 1.67229932 1.335077607 0.354763594 0.003398555 0.096409286 0.059250643 0.057523615 0.078222377 0.005377823 1.853867976 0.018529381 0.188223803 201.5118 0.021031349 0.090016393 0.005 26179.2 2419.2 16934.4 32283.87097 22464 0.0010176 40.41865532
37540 731500 15.5254745 8.31392577 9.369264953 0.005 0.025301467 0.87250098 0.61089596 1.676571429 1.336405387 0.354875535 0.003388832 0.094747573 0.059011356 0.057555977 0.078678459 0.005418227 1.889851984 0.018026718 0.189637937 199.584 0.021110114 0.091414464 0.005 58579.2 3110.4 21859.2 32283.87097 22464 0.0017895 67.88124
37541 731501 15.41306897 8.311486533 9.369927461 0.005 0.025466819 0.873101358 0.607743301 1.681972789 1.338088297 0.355055576 0.003376485 0.093036046 0.058777548 0.057609329 0.079257679 0.005462333 1.925958494 0.017518012 0.191181656 197.6688 0.021190997 0.092832308 0.005 45100.8 1814.4 16934.4 32283.87097 22464 0.0027653 63.32256
37542 731502 15.29810702 8.308531567 9.370828277 0.005 0.025666139 0.873690626 0.603951465 1.688462585 1.340115507 0.355319855 0.003361583 0.091275927 0.05854936 0.057688921 0.079956832 0.005510024 1.962185938 0.017003376 0.192850853 195.7536 0.021273911 0.094267 0.005 26179.2 1814.4 16934.4 32283.87097 22464 0.0039378 93.16119273
37543 731503 15.1806486 8.305070476 9.372000635 0.005 0.025898413 0.874268204 0.599542857 1.696 1.34247619 0.355684511 0.003344194 0.089468436 0.05832693 0.0578 0.080772714 0.005561183 1.998532746 0.016482919 0.194641421 193.851 0.021358769 0.095715613 0.005 22550.4 1814.4 14515.2 32283.87097 22464 0.0052996 40.96008
37544 731504 15.06075368 8.301112864 9.373477768 0.005 0.026162627 0.874833509 0.594539886 1.704544218 1.345159517 0.356165681 0.003324387 0.087614795 0.058110397 0.057947813 0.081702121 0.005615693 2.034997349 0.015956755 0.196549251 191.9484 0.021445486 0.097175223 0.005 22550.4 1814.4 14515.2 32283.87097 22464 0.0068432 88.7922
37545 731505 14.93848219 8.296668335 9.375292909 0.005 0.026457768 0.875385961 0.588964959 1.714054422 1.348154658 0.356779502 0.003302231 0.085716225 0.057899899 0.058137609 0.082741849 0.005673435 2.071578177 0.015424994 0.198570234 190.0584 0.021533976 0.098642904 0.005 19267.2 1814.4 14515.2 32283.87097 22464 0.0085614 135.8532
37546 731506 14.81389412 8.291746495 9.377479291 0.005 0.026782822 0.875924977 0.582840483 1.724489796 1.351450784 0.357542112 0.003277794 0.083773946 0.057695575 0.058374636 0.083888692 0.005734293 2.108273661 0.014887748 0.200700264 188.1684 0.021624153 0.100115732 0.005 107136 6652.8 27216 32283.87097 22464 0.010447 120.68028
37547 731507 14.68704939 8.286356946 9.380070149 0.005 0.027136776 0.876449977 0.576188866 1.735809524 1.355037068 0.358469649 0.003251146 0.08178918 0.057497564 0.05866414 0.085139448 0.005798149 2.145082232 0.014345128 0.202935231 186.3036 0.021715929 0.10159078 0.005 68688 4752 21859.2 32283.87097 22464 0.012492 112.40208
37548 731508 14.55800798 8.280509293 9.383098714 0.005 0.027518617 0.876960379 0.569032514 1.747972789 1.358902679 0.359578251 0.003222354 0.079763148 0.057306004 0.05901137 0.086490911 0.005864887 2.18200232 0.013797246 0.205271029 184.4388 0.02180922 0.103065125 0.005 53827.2 4752 21859.2 32283.87097 22464 0.014689 59.6484
37549 731509 14.42682984 8.274213142 9.386598222 0.005 0.027927331 0.877455601 0.561393836 1.760938776 1.36303679 0.360884056 0.003191489 0.077697071 0.057121036 0.059421574 0.087939877 0.005934387 2.219032355 0.013244213 0.207703548 182.574 0.021903939 0.10453584 0.005 41040 3110.4 16934.4 32283.87097 22464 0.017032 101.7198
37550 731510 14.29357492 8.267478095 9.390601905 0.005 0.028361905 0.877935063 0.553295238 1.774666667 1.367428571 0.3624032 0.003158617 0.075592169 0.056942796 0.0599 0.089483143 0.006006534 2.256170768 0.012686142 0.210228682 180.7344 0.022 0.106 0.005 68688 3110.4 21859.2 32283.87097 22464 0.019512 18.08089043
37551 731511 14.15830317 8.260313758 9.395142996 0.005 0.028821324 0.878398182 0.544759128 1.789115646 1.372067194 0.364151822 0.003123809 0.073449665 0.056771425 0.060451895 0.091117503 0.006081209 2.29341599 0.012123142 0.212842321 178.8948 0.022117682 0.107589082 0.005 53827.2 4752 19353.6 32283.87097 22464 0.022122 28.25928
37552 731512 14.02107456 8.252729735 9.400254729 0.005 0.029304577 0.878844378 0.535807913 1.804244898 1.37694183 0.36614606 0.003087133 0.071270778 0.056607061 0.061082507 0.092839754 0.006158296 2.330766451 0.011555326 0.215540359 177.0804 0.022275585 0.109424858 0.005 45100.8 3110.4 16934.4 32283.87097 22464 0.024856 60.71436
37553 731513 13.88194904 8.24473563 9.405970337 0.005 0.029810648 0.879273069 0.526464001 1.820013605 1.382041649 0.368402051 0.003048657 0.069056731 0.056449842 0.061797085 0.094646691 0.006237677 2.368220582 0.010982805 0.218318686 175.266 0.022471103 0.111489849 0.005 37238.4 3110.4 16934.4 32283.87097 22464 0.027705 65.52252
37554 731514 13.74098656 8.236341047 9.412323054 0.005 0.030338526 0.879683673 0.516749799 1.836380952 1.387355824 0.370935932 0.003008451 0.066808743 0.056299907 0.062600875 0.09653511 0.006319234 2.405776814 0.010405691 0.221173195 173.4642 0.022701632 0.113766577 0.005 26179.2 2419.2 16934.4 32283.87097 22464 0.030662 21.40992
37555 731515 13.59824707 8.227555591 9.419346113 0.005 0.030887195 0.880075609 0.506687713 1.853306122 1.392873525 0.373763843 0.002966583 0.064528037 0.056157396 0.063499125 0.098501806 0.006402851 2.443433576 0.009824095 0.224099777 171.675 0.022964566 0.116237562 0.005 19267.2 2419.2 16934.4 32283.87097 22464 0.03372 110.85984
37556 731516 13.45379055 8.218388866 9.427072747 0.005 0.031455643 0.880448297 0.496300153 1.870748299 1.398583923 0.376901919 0.002923122 0.062215832 0.056022446 0.064497085 0.100543576 0.006488409 2.481189301 0.009238129 0.227094326 169.8984 0.023257301 0.118885325 0.005 19267.2 1814.4 16934.4 32283.87097 22464 0.036871 89.04168
37557 731517 13.30767693 8.208850476 9.43553619 0.005 0.032042857 0.880801153 0.485609524 1.888666667 1.40447619 0.3803663 0.002878136 0.059873351 0.055895198 0.0656 0.102657214 0.006575792 2.519042417 0.008647904 0.230152732 168.1344 0.023577231 0.121692387 0.005 19267.2 1814.4 16934.4 32283.87097 22464 0.040108 60.28344
37558 731518 13.15996617 8.198950026 9.444769676 0.005 0.032647823 0.881133597 0.474638234 1.907020408 1.410539497 0.384173122 0.002831695 0.057501814 0.055775788 0.06681312 0.104839518 0.006664883 2.556991356 0.008053531 0.233270889 166.3956 0.023921751 0.124641269 0.005 16502.4 1814.4 16934.4 32283.87097 22464 0.043424 112.10724
37559 731519 13.01071824 8.188697121 9.454806436 0.005 0.033269527 0.881445048 0.463408691 1.925768707 1.416763015 0.388338524 0.002783867 0.055102442 0.055664357 0.068141691 0.107087282 0.006755562 2.595034548 0.007455123 0.236444687 164.6568 0.024288257 0.12771449 0.005 16502.4 1814.4 16934.4 32283.87097 22464 0.046811 24.1542
37560 731520 12.85999308 8.178101363 9.465679706 0.005 0.033906955 0.881734924 0.451943301 1.944870748 1.423135916 0.392878643 0.00273472 0.052676457 0.055561043 0.069590962 0.109397302 0.006847715 2.633170424 0.00685279 0.239670018 162.9432 0.024674142 0.130894573 0.005 16502.4 1814.4 14515.2 33312 22464 0.050262 101.10744
37561 731521 12.70785065 8.167172359 9.477422717 0.005 0.034559096 0.882002644 0.440264473 1.964285714 1.429647369 0.397809617 0.002684324 0.050225079 0.055465985 0.071166181 0.111766373 0.006941222 2.671397414 0.006246644 0.242942776 161.2422 0.025076803 0.134164039 0.005 16502.4 1814.4 14515.2 33312 22464 0.05377 23.95008
37562 731522 12.5543509 8.155919711 9.490068705 0.005 0.035224934 0.882247626 0.428394613 1.983972789 1.436286547 0.403147583 0.002632747 0.047749529 0.055379321 0.072872595 0.114191293 0.007035967 2.709713949 0.005636797 0.246258851 159.5538 0.025493634 0.137505407 0.005 16502.4 1814.4 14515.2 33312 22464 0.057327 28.50876
37563 731523 12.3995538 8.144353025 9.503650901 0.005 0.035903457 0.882469289 0.416356129 2.003891156 1.443042621 0.40890868 0.002580058 0.045251029 0.055301191 0.074715452 0.116668855 0.007131832 2.74811846 0.00502336 0.249614135 157.878 0.025922029 0.140901199 0.005 16502.4 1814.4 14515.2 33312 22464 0.060925 62.43804
37564 731524 12.24351929 8.132481905 9.51820254 0.005 0.036593651 0.882667051 0.404171429 2.024 1.449904762 0.415109044 0.002526326 0.0427308 0.055231733 0.0767 0.119195857 0.007228701 2.786609377 0.004406444 0.253004522 156.2274 0.026359385 0.144333935 0.005 16502.4 1814.4 12268.8 33312 22464 0.064558 38.35188
37565 731525 12.08630734 8.120315954 9.533756854 0.005 0.037294502 0.882840331 0.391862918 2.044258503 1.456862141 0.421764815 0.002471619 0.040190061 0.055171085 0.078831487 0.121769094 0.007326454 2.825185131 0.003786161 0.256425902 154.5894 0.026803095 0.147786137 0.005 16502.4 1814.4 12268.8 33312 22464 0.068218 60.01417532
37566 731526 11.92797789 8.107864779 9.550347078 0.005 0.038004998 0.882988548 0.379453006 2.06462585 1.463903929 0.428892128 0.002416007 0.037630036 0.055119387 0.08111516 0.12438536 0.007424976 2.863844151 0.003162623 0.259874168 152.9766 0.027250555 0.151240326 0.005 16502.4 1814.4 12268.8 33312 22464 0.071898 19.45944
37567 731527 11.7685909 8.095137981 9.568006444 0.005 0.038724124 0.88311112 0.366964098 2.085061224 1.471019298 0.436507123 0.002359557 0.035051944 0.055076778 0.083556268 0.127041453 0.007524149 2.90258487 0.002535941 0.263345211 151.3764 0.027699159 0.154679021 0.005 16502.4 1814.4 12268.8 33312 22464 0.07559 41.23224
37568 731528 11.60820633 8.082145167 9.586768185 0.005 0.039450868 0.883207466 0.354418603 2.10552381 1.478197418 0.444625936 0.002302339 0.032457007 0.055043396 0.086160058 0.129734168 0.007623855 2.941405717 0.001906226 0.266834924 149.7888 0.028146304 0.158084744 0.005 16502.4 1814.4 10195.2 33312 22464 0.079287 64.95552
37569 731529 11.44688413 8.068895941 9.606665537 0.005 0.040184215 0.883277005 0.341838928 2.125972789 1.485427461 0.453264706 0.002244421 0.029846445 0.05501938 0.088931778 0.1324603 0.007723977 2.980305123 0.00127359 0.270339198 148.2264 0.028589382 0.161440017 0.005 16502.4 1296 12268.8 33312 22464 0.082981 52.731
37570 731530 11.28468426 8.055399906 9.62773173 0.005 0.040923152 0.883319154 0.32924748 2.146367347 1.492698598 0.462439571 0.002185872 0.02722148 0.055004868 0.091876676 0.135216646 0.007824398 3.019281518 0.000638144 0.273853926 146.6892 0.029025791 0.164727358 0.005 16502.4 1296 12268.8 33312 22464 0.086666 10.86372
37571 731531 11.12166667 8.041666667 9.65 0.005 0.041666667 0.883333333 0.316666667 2.166666667 1.5 0.472166667 0.002126761 0.024583333 0.055 0.095 0.138 0.007925 3.058333333 0 0.277375 145.1646 0.029452923 0.16792929 0.005 16502.4 1296 12268.8 33312 22464 0.090333 82.26036
