date t temp ph ox ortp nh4 no silica cod bod phyto chla chlor dyno chrys crip daph eudi cyc daph_lit light ortp_krivica ortp_misca ortp_radovna q_jezernica q_krivica q_misca q_radovna q_natega diat light_m
35501 729461 6.308333333 7.57 11.44666667 0.015333333 0.086 1.544333333 0.633333333 1.97662108 1.32 0.330576667 0.002725 0.007083333 0.041666667 0 0.01035 0.002 4.00E+00 7.166666667 0.07 181.6668 0.02934375 0.109457484 0.014570313 30153.6 1900.8 13737.6 34560 9187.2 0.25523 122.2452
35502 729462 6.310250979 7.570630239 11.44529276 0.015320229 0.08627987 1.544333333 0.633649671 1.98508234 1.328265753 0.330907261 0.002721611 0.007205878 0.04216704 0 0.010464111 0.002004632 3.992620034 7.160305991 0.070162106 183.519 0.029224 0.109296584 0.01472 30153.6 1900.8 13737.6 34560 9187.2 0.25474 42.04872
35503 729463 6.315928409 7.572480912 11.44128096 0.015281807 0.087097089 1.544333333 0.634573377 1.996132321 1.337386161 0.331872595 0.00271171 0.007346092 0.043628129 0 0.010797313 0.002018402 3.971025163 7.141732818 0.070644067 185.3964 0.02912825 0.109168962 0.014839688 30153.6 1900.8 13737.6 34560 9187.2 0.25332 151.91064
35504 729464 6.325252357 7.575491956 11.43479612 0.015219401 0.088418074 1.544333333 0.63606649 2.00959616 1.347294295 0.333432999 0.002695691 0.007502917 0.045989891 0 0.011335915 0.002041124 3.936032923 7.111710428 0.071439346 187.2738 0.029058 0.109076043 0.0149275 30153.6 1382.4 13737.6 34560 9187.2 0.25102 118.77516
35505 729465 6.33810956 7.579603305 11.42600312 0.015134344 0.090209241 1.544333333 0.638091051 2.025298995 1.357923227 0.3355488 0.002673951 0.007675295 0.049192279 0 0.012066222 0.002072612 3.888460854 7.071002103 0.072541406 189.1638 0.02901475 0.109019248 0.014981563 30153.6 1900.8 13737.6 34560 9187.2 0.24789 60.96384
35506 729466 6.354386754 7.584754895 11.41506683 0.01502797 0.092437004 1.544333333 0.640609098 2.043065965 1.36920603 0.338180329 0.002646885 0.007862168 0.053175249 0 0.012974542 0.002112677 3.829126493 7.020371124 0.07394371 191.0664 0.029 0.109 0.015 37238.4 1900.8 13737.6 34560 9187.2 0.24399 56.49588
35507 729467 6.373970675 7.590886663 11.40215211 0.014901614 0.095067779 1.544333333 0.643582672 2.062722206 1.381075775 0.341287912 0.00261489 0.00806248 0.057878757 0 0.014047181 0.002161135 3.758847379 6.960580772 0.075639721 192.969 0.029 0.109092215 0.014934132 37238.4 1900.8 13737.6 34560 9187.2 0.23939 52.43616
35508 729468 6.39674806 7.597938544 11.38742384 0.01475661 0.098067983 1.544333333 0.646973811 2.084092856 1.393465535 0.34483188 0.002578361 0.008275172 0.063242757 0 0.015270446 0.002217797 3.678441048 6.892394328 0.077622902 194.8842 0.029 0.109356765 0.014745168 45100.8 1900.8 13737.6 34560 9187.2 0.23412 140.29848
35509 729469 6.422605644 7.605850472 11.37104688 0.014594291 0.10140403 1.544333333 0.650744555 2.107003053 1.406308382 0.348772561 0.002537695 0.008499188 0.069207205 0 0.016630643 0.002282478 3.588725041 6.816575073 0.079886717 196.812 0.029 0.10977551 0.014446064 37238.4 1382.4 11318.4 34560 9187.2 0.22825 100.90332
35510 729470 6.451430163 7.614562385 11.3531861 0.014415991 0.105042337 1.544333333 0.654856944 2.131277934 1.419537387 0.353070283 0.002493286 0.008733469 0.075712056 0 0.01811408 0.002354989 3.490516893 6.733886288 0.082424628 198.7398 0.029 0.11033031 0.014049779 37238.4 1382.4 11318.4 34560 9187.2 0.22184 101.01672
35511 729471 6.483108353 7.624014217 11.33400638 0.014223045 0.108949318 1.544333333 0.659273017 2.156742637 1.433085623 0.357685375 0.002445532 0.008976958 0.082697266 0 0.019707063 0.002435146 3.384634144 6.645091254 0.085230099 200.6676 0.029 0.111003023 0.013569269 37238.4 1382.4 11318.4 34560 9187.2 0.21493 94.66632
35512 729472 6.51752695 7.634145904 11.31367257 0.014016786 0.11309139 1.544333333 0.663954814 2.1832223 1.446886162 0.362578166 0.002394828 0.009228597 0.090102789 0 0.021395899 0.00252276 3.271894332 6.550953253 0.088296592 202.608 0.029 0.11177551 0.013017493 37238.4 1382.4 11318.4 34560 9187.2 0.20759 222.9444
35513 729473 6.554572691 7.644897383 11.29234955 0.013798548 0.117434968 1.544333333 0.668864373 2.210542061 1.460872077 0.367708985 0.00234157 0.009487328 0.09786858 0 0.023166894 0.002617645 3.153114994 6.452235566 0.091617571 204.5484 0.029 0.11262963 0.012407407 37238.4 1382.4 11318.4 34560 9187.2 0.19987 269.73324
35514 729474 6.594132312 7.656208587 11.27020218 0.013569666 0.121946469 1.544333333 0.673963736 2.238527056 1.474976438 0.37303816 0.002286153 0.009752095 0.105934595 0 0.025006356 0.002719614 3.029113669 6.349701472 0.095186499 206.5014 0.029 0.113547241 0.011751971 30153.6 1382.4 11318.4 34560 9187.2 0.19182 141.4098
35515 729475 6.636092547 7.668019454 11.24739535 0.013331473 0.126592306 1.544333333 0.67921494 2.267002424 1.489132319 0.378526021 0.002228974 0.010021839 0.11424079 0 0.02690059 0.002828481 2.900707895 6.244114255 0.098996839 208.4544 0.029 0.114510204 0.01106414 30153.6 1382.4 11318.4 34560 9187.2 0.18351 157.1901496
35516 729476 6.680340134 7.680269918 11.2240939 0.013085303 0.131338897 1.544333333 0.684580026 2.295793303 1.503272791 0.384132895 0.002170429 0.010295504 0.122727119 0 0.028835905 0.002944059 2.76871521 6.136237194 0.103042054 210.4074 0.029 0.115500378 0.010356873 30153.6 1382.4 11318.4 34560 9187.2 0.17498 209.97144
35517 729477 6.726761809 7.692899915 11.20046272 0.012832491 0.136152656 1.544333333 0.690021033 2.324724829 1.517330927 0.389819112 0.002110913 0.01057203 0.131333537 0 0.030798606 0.00306616 2.633953151 6.026833571 0.107315607 212.373 0.029 0.116499622 0.009643127 26179.2 1382.4 11318.4 34560 9187.2 0.1663 241.58736
35518 729478 6.775244307 7.705849381 11.17666667 0.012574369 0.141 1.544333333 0.6955 2.35362214 1.531239798 0.395545 0.002050823 0.010850362 0.14 0 0.032775 0.003194599 2.497239257 5.916666667 0.111810962 214.326 0.029 0.117489796 0.00893586 30153.6 1382.4 11318.4 34560 9187.2 0.15752 106.4826
35519 729479 6.825674365 7.719058252 11.15287062 0.012312273 0.145847344 1.544333333 0.700978967 2.382310375 1.544932476 0.401270888 0.001990554 0.011129441 0.148666463 0 0.034751394 0.003329188 2.359391067 5.806499763 0.11652158 216.2916 0.029 0.118452759 0.008248029 30153.6 1382.4 13737.6 34560 9187.2 0.14869 266.35392
35520 729480 6.877938718 7.732466463 11.12923943 0.012047536 0.150661103 1.544333333 0.706419974 2.410614671 1.558342035 0.406957105 0.001930502 0.011408209 0.157272881 0 0.036714095 0.003469741 2.221226117 5.697096139 0.121440927 218.2572 0.029 0.11937037 0.007592593 30153.6 1382.4 13737.6 34560 9187.2 0.13986 272.7989843
35521 729481 6.931924104 7.74601395 11.10593799 0.011781491 0.155407694 1.544333333 0.71178506 2.438360165 1.571401545 0.412563979 0.001871063 0.011685609 0.16575921 0 0.03864941 0.00361607 2.083561946 5.589219079 0.126562464 220.2228 0.029 0.12022449 0.006982507 30153.6 1382.4 13737.6 34560 9504 0.13111 291.7782
35522 729482 6.987517256 7.759640648 11.08313115 0.011515474 0.160053531 1.544333333 0.717036264 2.465371996 1.584044079 0.41805184 0.001812633 0.011960584 0.174065405 0 0.040543644 0.00376799 1.947216092 5.483631861 0.131879655 222.1884 0.029 0.120996977 0.006430731 30153.6 1382.4 13737.6 34560 9504 0.12247 295.54308
35523 729483 7.044604913 7.773286493 11.06098378 0.011250818 0.164565032 1.544333333 0.722135627 2.4914753 1.596202709 0.423381015 0.001755608 0.012232076 0.18213142 0 0.042383106 0.003925313 1.813006094 5.381097768 0.137385962 224.154 0.029 0.12166969 0.005950221 30153.6 1382.4 11318.4 34560 9504 0.11402 280.665
35524 729484 7.103073809 7.786891421 11.03966076 0.010988857 0.16890861 1.544333333 0.727045186 2.516495215 1.607810508 0.428511834 0.001700384 0.012499027 0.189897211 0 0.044154101 0.004087853 1.681749489 5.28238008 0.14307485 226.1196 0.029 0.12222449 0.005553936 30153.6 1382.4 11318.4 34560 9504 0.10579 264.29004
35525 729485 7.162810681 7.800395367 11.01932696 0.010730925 0.173050682 1.544333333 0.731726983 2.540256879 1.618800546 0.433404625 0.001647357 0.012760379 0.197302734 0 0.045842937 0.004255422 1.554263815 5.188242079 0.14893978 228.0852 0.029 0.122643235 0.005254832 26179.2 1382.4 11318.4 34560 9504 0.09785 245.87388
35526 729486 7.223702265 7.813738267 11.00014723 0.010478355 0.176957663 1.544333333 0.736143056 2.56258543 1.629105897 0.438019717 0.001596922 0.013015076 0.204287944 0 0.04743592 0.004427835 1.43136661 5.099447045 0.154974217 230.0508 0.029 0.122907785 0.005065868 26179.2 1382.4 11318.4 34560 9504 0.090254 286.08552
35527 729487 7.285635297 7.826860056 10.98228645 0.010232483 0.18059597 1.544333333 0.740255445 2.583306006 1.638659632 0.442317439 0.001549476 0.01326206 0.210792795 0 0.048919357 0.004604903 1.313875413 5.01675826 0.161171622 232.0038 0.029 0.123 0.005 30153.6 1814.4 8899.2 34560 9504 0.083057 148.93956
35528 729488 7.348496513 7.83970067 10.96590949 0.009994641 0.183932017 1.544333333 0.744026189 2.602243743 1.647394823 0.44625812 0.001505414 0.013500272 0.216757243 0 0.050279554 0.004786442 1.202607761 4.940939005 0.16752546 233.9694 0.028989789 0.122932762 0.005 30153.6 1296 8899.2 34560 9504 0.076315 282.22992
35529 729489 7.412172648 7.852200046 10.95118122 0.009766165 0.186932221 1.544333333 0.747417328 2.61922378 1.655244543 0.449802088 0.001465132 0.013728656 0.222121243 0 0.051502819 0.004972263 1.098381193 4.872752561 0.174029194 235.9224 0.028959724 0.122737609 0.005 30153.6 1296 8899.2 34560 9504 0.070082 156.78684
35530 729490 7.47655044 7.864298117 10.9382665 0.009548386 0.189562996 1.544333333 0.750390902 2.634071254 1.662141864 0.452909671 0.001429027 0.013946153 0.226824751 0 0.052575458 0.00516218 1.002013246 4.812962209 0.180676286 237.8754 0.028910657 0.12242438 0.005 30153.6 1296 8899.2 34560 9504 0.064416 183.75336
35531 729491 7.541516624 7.875934821 10.92733021 0.009342641 0.191790759 1.544333333 0.752908949 2.646611303 1.668019857 0.4555412 0.001397494 0.014151707 0.230807721 0 0.053483778 0.005356006 0.914321459 4.76233123 0.1874602 239.8158 0.02884344 0.122002915 0.005 30153.6 1296 8899.2 34560 9504 0.05937 327.31776
35532 729492 7.606957936 7.887050092 10.91853721 0.009150263 0.193581926 1.544333333 0.75493351 2.656669064 1.672811596 0.457657001 0.001370928 0.01434426 0.234010109 0 0.054214085 0.005553554 0.836123369 4.721622905 0.194374398 241.7688 0.028758924 0.121483054 0.005 30153.6 1296 8899.2 34560 9504 0.055002 315.00252
35533 729493 7.672761112 7.897583866 10.91205238 0.008972585 0.194902911 1.544333333 0.756426623 2.664069676 1.676450151 0.459217405 0.001349727 0.014522753 0.236371871 0 0.054752687 0.005754638 0.768236515 4.691600516 0.201412345 243.7092 0.028657962 0.120874636 0.005 30153.6 1296 8899.2 34560 9504 0.051366 295.90596
35534 729494 7.738812888 7.907476079 10.90804057 0.008810941 0.19572013 1.544333333 0.757350329 2.668638275 1.678868595 0.460182739 0.001334286 0.01468613 0.23783296 0 0.055085889 0.005959071 0.711478435 4.673027342 0.208567502 245.637 0.028541405 0.1201875 0.005 30153.6 1296 8899.2 34560 9504 0.048518 53.6382
35535 729495 7.805 7.916666667 10.90666667 0.008666667 0.196 1.544333333 0.757666667 2.6702 1.68 0.460513333 0.001325 0.014833333 0.238333333 0 0.0552 0.006166667 0.666666667 4.666666667 0.215833333 247.5648 0.028410105 0.119431487 0.005 30153.6 1296 8899.2 34560 9504 0.046513 152.90856
35536 729496 7.874906908 7.925291788 10.90854905 0.008529974 0.195800657 1.545193585 0.757439897 2.668853289 1.680441041 0.458991718 0.001318998 0.014965984 0.237376755 6.96E-06 0.055019989 0.006426133 0.628228668 4.701451337 0.224914666 249.4926 0.028264914 0.118616436 0.005 22550.4 1296 8899.2 34560 9504 0.044963 114.3072
35537 729497 7.951956631 7.933552004 10.91409864 0.008390599 0.195222815 1.547687226 0.756782553 2.66492616 1.68083554 0.45458096 0.001313147 0.01508714 0.234603888 2.78E-05 0.054498186 0.006780814 5.90E-01 4.80228285 0.237328493 251.4078 0.028106685 0.117752187 0.005 22550.4 1296 8899.2 34560 9504 0.043441 302.211
35538 729498 8.035793746 7.941483852 10.92316911 0.008249156 0.194296754 1.551683585 0.755729081 2.658588116 1.681187289 0.44751219 0.001307454 0.015197895 0.230160037 6.25E-05 0.053661934 0.007222472 5.52E-01 4.963877458 0.25278653 253.3104 0.027936268 0.116848579 0.005 22550.4 1296 8899.2 34560 9504 0.04195 322.71372
35539 729499 8.126062828 7.949123867 10.93561414 0.00810626 0.193052753 1.557051991 0.754313926 2.650008662 1.681500083 0.438016541 0.001301924 0.015299345 0.224190503 0.000111119 0.052538576 0.007742871 5.15E-01 5.180951413 0.271000491 255.213 0.027754515 0.115915452 0.005 26179.2 1814.4 8899.2 34560 9504 0.040492 290.57616
35540 729500 8.222408454 7.956508587 10.95128738 0.007962527 0.191521093 1.563661772 0.752571534 2.6393573 1.681777714 0.426325142 0.001296564 0.015392586 0.21684059 0.000173529 0.051155456 0.008333774 0.478522466 5.448220969 0.291682091 257.103 0.02756228 0.114962646 0.005 30153.6 1814.4 11318.4 34560 9504 0.039069 124.49052
35541 729501 8.324475201 7.963674549 10.97004252 0.00781857 0.189732053 1.571382259 0.750536351 2.626803536 1.682023975 0.412669127 0.001291378 0.015478712 0.208255601 0.000249747 0.049539918 0.008986944 0.442552492 5.760402378 0.314543044 258.993 0.027360413 0.114 0.005 45100.8 1296 11318.4 34560 9504 0.037685 26.28612
35542 729502 8.431907643 7.97065829 10.99173321 0.007675006 0.187715914 1.580082779 0.748242824 2.612516873 1.682242659 0.397279625 0.001286374 0.015558818 0.19858084 0.00033975 0.047719303 0.009694145 0.407343199 6.112211892 0.339295065 260.8704 0.027149766 0.113037354 0.005 37238.4 1296 8899.2 34560 9504 0.03634 131.83884
35543 729503 8.544350358 7.977496346 11.01621314 0.00753245 0.185502955 1.589632661 0.745725398 2.596666814 1.68243756 0.38038777 0.001281556 0.015634 0.187961608 0.000443516 0.045720957 0.010447139 0.372983614 6.498365764 0.365649868 262.7352 0.026931191 0.112084548 0.005 30153.6 1296 8899.2 34560 9504 0.035038 118.25352
35544 729504 8.661447921 7.984225254 11.04333596 0.007391516 0.183123457 1.599901235 0.743018519 2.579422864 1.68261247 0.362224691 0.001276931 0.015705352 0.17654321 0.000561021 0.043572222 0.011237691 0.339562761 6.913580247 0.393319168 264.5874 0.02670554 0.111151421 0.005 22550.4 1296 8899.2 34560 9504 0.033782 177.74316
35545 729505 8.782844909 7.990881551 11.07295536 0.00725282 0.180607699 1.610757828 0.740156633 2.560954527 1.682771183 0.343021521 0.001272504 0.015773971 0.164470948 0.000692244 0.041300442 0.012057562 0.307169668 7.352571593 0.422014678 266.427 0.026473665 0.110247813 0.005 22550.4 1296 8899.2 34560 9504 0.032572 199.3631165
35546 729506 8.908185898 7.997501774 11.104925 0.007116976 0.177985961 1.622071771 0.737174186 2.541431307 1.682917493 0.323009392 0.001268282 0.01584095 0.151890125 0.000837161 0.03893296 0.012898518 0.275893358 7.810056055 0.451448114 268.254 0.026236418 0.109383564 0.005 22550.4 1296 8899.2 34560 9504 0.031412 338.54436
35547 729507 9.037115463 8.00412246 11.13909855 0.0069846 0.175288523 1.633712391 0.734105624 2.521022707 1.683055191 0.302419433 0.001264271 0.015907385 0.138946045 0.000995751 0.036497119 0.01375232 0.245822859 8.280749886 0.481331191 270.081 0.02599465 0.108568513 0.005 26179.2 1296 8899.2 34560 9504 0.030304 339.7946553
35548 729508 9.169278183 8.010780146 11.17532968 0.006856307 0.172545665 1.645549019 0.730985393 2.499898232 1.683188071 0.281482777 0.001260475 0.015974372 0.12578401 0.001167991 0.034020264 0.014610732 0.217047195 8.759369337 0.511375622 271.8954 0.025749214 0.1078125 0.005 30153.6 1296 8899.2 34560 9504 0.029251 283.3866
35549 729509 9.304318631 8.017511368 11.21347206 0.006732711 0.169787668 1.657450981 0.72784794 2.478227385 1.683319926 0.260430556 0.001256902 0.016043005 0.112549323 0.001353859 0.031529736 0.015465518 0.189655392 9.240630663 0.541293122 273.6846 0.025500961 0.107125364 0.005 37238.4 1296 8899.2 34560 9504 0.028254 184.91004
35550 729510 9.441881385 8.024352664 11.25337936 0.006614429 0.16704481 1.669287609 0.724727709 2.45617967 1.68345455 0.2394939 0.001253557 0.016114379 0.099387289 0.001553331 0.029052881 0.01630844 0.163736476 9.719250114 0.570795405 275.4738 0.025250744 0.106516946 0.005 37238.4 1814.4 8899.2 34560 9504 0.027317 70.44408
35551 729511 9.581611021 8.031340569 11.29490525 0.006502074 0.164347373 1.680928229 0.721659147 2.433924591 1.683595736 0.218903942 0.001250445 0.01618959 0.086443208 0.001766386 0.02661704 0.017131262 0.139379473 10.18994394 0.599594187 277.2378 0.024999413 0.105997085 0.005 37238.4 1296 8899.2 34560 19872 0.02644 111.9258
35552 729512 9.723152115 8.038511621 11.3379034 0.006396263 0.161725635 1.692242172 0.718676701 2.411631652 1.683747276 0.198891812 0.001247573 0.016269733 0.073862385 0.001993001 0.024249558 0.017925748 0.116673408 10.64742841 0.627401181 278.9892 0.024747822 0.10557562 0.005 30153.6 1296 8899.2 34560 19872 0.025628 74.23164
35553 729513 9.866149243 8.045902358 11.38222748 0.00629761 0.159209877 1.703098765 0.715814815 2.389470358 1.683912963 0.179688642 0.001244947 0.016355902 0.061790123 0.002233153 0.021977778 0.01868366 0.095707307 11.08641975 0.653928102 280.7406 0.024496821 0.105262391 0.005 30153.6 1296 8899.2 34560 19872 0.024882 209.99412
35554 729514 10.01024698 8.053549315 11.42773117 0.00620673 0.156830378 1.713367339 0.713107936 2.367610211 1.684096592 0.161525564 0.001242572 0.016449194 0.050371725 0.00248682 0.019829043 0.019396762 0.076570195 11.50163424 0.678886665 282.4668 0.024247263 0.105067238 0.005 30153.6 1296 8899.2 34560 19872 0.024204 106.43724
35555 729515 10.15508991 8.061489029 11.47426812 0.006124238 0.154617419 1.722917221 0.71059051 2.346220716 1.684301954 0.144633708 0.001240455 0.016550702 0.039752494 0.00275398 0.017830697 0.020056817 0.059351098 11.88778811 0.701988584 284.1678 0.024 0.105 0.005 30153.6 1296 8899.2 34560 19872 0.023598 322.19208
35556 729516 10.30032259 8.069758038 11.52169202 0.00605075 0.15260128 1.731617741 0.708296982 2.325471377 1.684532844 0.129244207 0.001238601 0.016661523 0.030077732 0.00303461 0.016010082 0.020655588 0.044139042 12.23959762 0.722945573 285.8688 0.023731172 0.105022164 0.005 30153.6 1296 8899.2 34560 19872 0.023064 280.665
35557 729517 10.44558962 8.078392877 11.56985652 0.00598688 0.150812241 1.739338228 0.7062618 2.305531697 1.684793054 0.115588191 0.001237016 0.016782751 0.021492743 0.003328687 0.014394544 0.021184838 0.031023053 12.55177903 0.741469347 287.5446 0.023418817 0.105087896 0.005 45100.8 1814.4 8899.2 34560 19872 0.022606 289.737
35558 729518 10.59053556 8.087430085 11.61861531 0.005933243 0.149280581 1.745948009 0.704519408 2.286571181 1.685086377 0.103896793 0.001235706 0.016915482 0.014142831 0.00363619 0.013011424 0.021636332 0.020092156 12.81904859 0.757271621 289.2078 0.023066628 0.10519606 0.005 53827.2 2419.2 11318.4 34560 19872 0.022226 232.47
35559 729519 10.73480499 8.096906198 11.66782205 0.005890455 0.14803658 1.751316415 0.703104252 2.268759332 1.685416607 0.094401143 0.001234677 0.017060811 0.008173297 0.003957095 0.011888066 0.022001832 0.011435376 13.03612254 0.770064108 290.8458 0.0226783 0.105345519 0.005 53827.2 2419.2 11318.4 34560 19872 0.021927 332.08056
35560 729520 10.87804249 8.106857752 11.71733041 0.005859131 0.147110518 1.755312774 0.70205078 2.252265655 1.685787537 0.087332373 0.001233934 0.017219832 0.003729445 0.00429138 0.011051814 0.022273101 0.00514174 13.19771715 0.779558525 292.4712 0.022257527 0.105535135 0.005 53827.2 2419.2 11318.4 34560 19872 0.02171 343.12572
35561 729521 11.01989264 8.117321285 11.76699406 0.005839885 0.146532676 1.757806415 0.701393436 2.237259653 1.686202959 0.082921615 0.001233485 0.017393641 0.000956578 0.004639022 0.010530011 0.022441902 0.001300273 13.29854866 0.785466584 294.084 0.021808005 0.10576377 0.005 45100.8 2419.2 8899.2 34560 19872 0.021578 299.0358
35562 729522 11.16 8.128333333 11.81666667 0.005833333 0.146333333 1.758666667 0.701166667 2.22391083 1.686666667 0.0814 0.001233333 0.017583333 0 0.005 0.01035 0.0225 0 13.33333333 0.7875 295.6716 0.021333426 0.106030289 0.005 37238.4 1814.4 8899.2 34560 19872 0.021533 333.75888
35563 729523 11.30270222 8.140974612 11.87276208 0.005846407 0.146461583 1.757891773 0.701886981 2.211277713 1.694305932 0.097705388 0.001260851 0.018232813 6.01E-05 0.019368359 0.011864247 0.022435421 0.001611742 13.29078162 0.785239734 297.234 0.020837487 0.106333552 0.005 30153.6 1296 8899.2 34560 19872 0.021645 339.92784
35564 729524 11.45214416 8.156150788 11.94107429 0.005884354 0.146833819 1.755633515 0.703977648 2.198344064 1.71554707 0.145030782 0.001340719 0.019740864 0.000238469 0.060371597 0.016259257 2.22E-02 0.006334166 13.16719437 0.778676947 298.7838 0.02032388 0.106672423 0.005 30153.6 1296 8899.2 34560 19872 0.021969 323.82504
35565 729525 11.60768125 8.173635832 12.0205272 0.005945259 0.147431274 1.751991529 0.707333257 2.185167243 1.749342439 0.220990029 0.001468911 0.022040897 0.000532108 0.125959866 0.023313432 0.021946819 0.013998074 12.96867339 0.768138655 300.321 0.019796302 0.107045765 0.005 30153.6 1296 8899.2 34560 19872 0.022489 243.22032
35566 729526 11.76866893 8.19320371 12.11004473 0.006027211 0.14823518 1.747065452 0.711848397 2.171804609 1.794644397 0.323196973 0.001641399 0.025066325 0.000938062 0.21408332 0.032805175 0.021541482 0.024434264 12.7013205 0.753951877 301.8204 0.019258445 0.10745244 0.005 26179.2 1296 8899.2 34560 19872 0.023188 216.66204
35567 729527 11.93446263 8.214628392 12.20855076 0.006128295 0.149226767 1.740954921 0.717417654 2.15831352 1.850405303 0.44926546 0.001854158 0.02875056 0.001453368 0.322692112 0.044512889 0.021041246 0.037473535 12.37123751 0.736443627 303.3072 0.018714005 0.107891311 0.005 22550.4 1296 13737.6 34560 19872 0.024051 305.0508255
35568 729528 12.10441777 8.237683843 12.31496921 0.006246599 0.150387269 1.73375957 0.723935617 2.144751334 1.915577515 0.596809337 0.002103158 0.033027014 0.00207506 0.449736396 0.058214978 0.020455455 0.052946689 11.98452624 0.715940924 304.7688 0.018166676 0.108361241 0.005 45100.8 2419.2 11318.4 34560 19872 0.025061 210.22092
35569 729529 12.27788978 8.262144034 12.42822399 0.006380208 0.151697917 1.725579038 0.731296875 2.131175412 1.989113392 0.763442448 0.002384375 0.037829099 0.002800173 0.593166323 0.073689844 0.019793451 0.070684524 11.54728852 0.692770784 306.2178 0.017620153 0.108861093 0.005 37238.4 1814.4 5875.2 34560 19872 0.026202 205.41276
35570 729530 12.4542341 8.287782931 12.54723899 0.006527211 0.153139942 1.716512959 0.739396016 2.117643111 2.069965291 0.946778639 0.00269378 0.043090228 0.003625741 0.750932049 0.090715889 0.019064578 0.09051784 11.06562614 0.667260223 307.6416 0.017078129 0.109389728 0.005 30153.6 1296 5875.2 34560 19872 0.027457 284.77008
35571 729531 12.63280615 8.314374503 12.67093812 0.006685693 0.154694576 1.706660971 0.748127627 2.10421179 2.157085571 1.144431757 0.003027348 0.048743813 0.0045488 0.920983725 0.109071517 0.018278179 0.112277436 10.54564094 0.63973626 309.0276 0.0165443 0.109946011 0.005 45100.8 2419.2 7603.2 34560 19872 0.02881 307.17792
35572 729532 12.81296137 8.341692718 12.79824529 0.006853741 0.156343052 1.696122709 0.757386297 2.090938809 2.249426592 1.354015646 0.00338105 0.054723265 0.005566385 1.101271506 0.128535131 0.017443597 0.135794114 9.993434722 0.610525909 310.401 0.01602236 0.110528803 0.005 45100.8 1814.4 7603.2 34560 19872 0.030245 211.53636
35573 729533 12.99405518 8.369511543 12.92808441 0.007029443 0.1580666 1.684997811 0.767066615 2.077881526 2.34594071 1.573144153 0.003750859 0.060961997 0.006675531 1.289745543 0.148885133 0.016570177 0.160898671 9.415109308 0.579956189 311.7492 0.015516003 0.111136967 0.005 45100.8 1814.4 5875.2 34560 19872 0.031745 383.24664
35574 729534 13.17544301 8.397604947 13.05937936 0.007210884 0.159846453 1.673385912 0.777063168 2.0650973 2.445580285 1.799431122 0.00413275 0.067393422 0.007873273 1.484355991 0.169899927 0.01566726 0.187421908 8.816766512 0.548354116 313.0722 0.015028924 0.111769366 0.005 37238.4 1814.4 5875.2 34560 19872 0.033294 208.92816
35575 729535 13.3564803 8.425746898 13.19105407 0.007396152 0.161663842 1.661386648 0.787270545 2.052643489 2.547297674 2.030490401 0.004522695 0.073950951 0.009156645 1.683053003 0.191357915 0.014744192 0.215194624 8.204508152 0.516046707 314.37 0.014564817 0.112424863 0.005 37238.4 1814.4 7603.2 34560 19872 0.034875 372.79116
35576 729536 13.53652248 8.453711363 13.32203243 0.007583333 0.1635 1.649099656 0.797583333 2.040577453 2.650045237 2.263935833 0.004916667 0.080567996 0.010522682 1.883786732 0.2130375 0.013810314 0.244047619 7.584436043 0.483360979 315.6426 0.014127377 0.113102321 0.005 30153.6 1296 5875.2 34560 19872 0.036473 229.442713
35577 729537 13.71492497 8.481272312 13.45123836 0.007770514 0.165336158 1.636624573 0.807896122 2.02895655 2.752775331 2.497381266 0.005310638 0.087177969 0.011968421 2.084507331 0.234717085 0.01287497 0.273811693 6.962652001 0.450623948 316.89 0.013720298 0.113800601 0.005 30153.6 1814.4 5875.2 34560 19872 0.038071 70.39872
35578 729538 13.8910432 8.50820371 13.57759575 0.007955782 0.167153547 1.624061034 0.818103499 2.017838139 2.854440316 2.728440544 0.005700583 0.093714284 0.013490894 2.283164953 0.256175073 0.011947504 0.304317645 6.345257844 0.418162631 318.1122 0.013347275 0.114518567 0.005 37238.4 1814.4 7603.2 34560 19872 0.039653 260.1396
35579 729539 14.06423261 8.534279528 13.7000285 0.008137224 0.1689334 1.611508676 0.828100052 2.007279579 2.953992548 2.954727514 0.006082474 0.100110352 0.015087138 2.477709751 0.277189867 0.011037258 0.335396276 5.738355386 0.386304046 319.2966 0.013012001 0.115255082 0.005 37238.4 1814.4 7603.2 34560 19872 0.041202 153.63432
35580 729540 14.23384863 8.559273732 13.81746054 0.008312925 0.170656948 1.599067136 0.837780369 1.997338229 3.050384388 3.17385602 0.006452284 0.106299584 0.016754188 2.66609188 0.297539869 0.010153577 0.366878384 5.148046445 0.355375208 320.4684 0.012718172 0.116009008 0.005 33609.6 1814.4 7603.2 34560 19872 0.042702 172.64016
35581 729541 14.39924668 8.582960291 13.92881575 0.008480974 0.172305424 1.586836048 0.84703904 1.988071448 3.142568192 3.38343991 0.006805986 0.112215394 0.018489077 2.846261491 0.317003483 0.009305804 0.39859477 4.580432836 0.325703135 321.6024 0.012469482 0.116779208 0.005 30153.6 1814.4 7603.2 34560 19872 0.044137 236.91528
35582 729542 14.55978219 8.605113172 14.03301805 0.008639456 0.173860058 1.574915051 0.855770651 1.979536593 3.22949632 3.581093027 0.007139553 0.117791193 0.020288843 3.016168738 0.335359111 0.008503281 0.430376232 4.041616376 0.297614844 322.7112 0.012269625 0.117564544 0.005 30153.6 2419.2 9244.8 34560 19872 0.04549 221.4702
35583 729543 14.7148106 8.625506345 14.12899133 0.008786458 0.175302083 1.56340378 0.863869792 1.971791025 3.310121131 3.764429219 0.007448958 0.122960394 0.022150518 3.173763774 0.352385156 0.007755353 0.462053571 3.537698882 0.271437351 323.7822 0.012122296 0.11836388 0.005 37238.4 1814.4 7603.2 34560 19872 0.046745 173.88756
35584 729544 14.86368734 8.643913775 14.21565951 0.008920068 0.176612731 1.552401871 0.87123105 1.964892102 3.383394981 3.93106233 0.007730175 0.127656409 0.024071138 3.316996754 0.367860022 0.007071362 0.493457587 3.074782168 0.247497673 324.8406 0.01203119 0.119176077 0.005 37238.4 1814.4 7603.2 34560 19872 0.047885 245.21616
35585 729545 15.00576783 8.660109433 14.29194648 0.009038372 0.177773233 1.542008962 0.877749013 1.958897183 3.44827023 4.078606206 0.007979176 0.131812649 0.026047739 3.443817828 0.381562111 0.006460652 0.524419079 2.658968052 0.226122827 325.8612 0.012 0.12 0.005 37238.4 1814.4 7603.2 34560 19872 0.048895 293.63796
35586 729546 15.14040751 8.673867285 14.35677616 0.009139456 0.17876482 1.532324687 0.88331827 1.953863626 3.503699236 4.204674694 0.008191934 0.135362528 0.028077354 3.552177152 0.393269825 0.005932567 0.554768846 2.296358349 0.20763983 326.844 0.012048792 0.121013669 0.005 37238.4 1814.4 7603.2 34560 19872 0.049758 276.5826
35587 729547 15.2669618 8.6849613 14.40907245 0.009221407 0.179568726 1.523448684 0.887833409 1.94984879 3.548634358 4.306881638 0.008364422 0.138239457 0.03015702 3.640024878 0.402761568 0.005496449 0.584337689 1.993054876 0.192375699 327.8016 0.012190578 0.122377176 0.005 37238.4 1814.4 7603.2 34560 19872 0.050458 265.7938226
35588 729548 15.38478614 8.693165445 14.44775925 0.009282313 0.180166181 1.515480589 0.891189018 1.946910035 3.582027954 4.382840884 0.008492614 0.140376848 0.032283771 3.705311159 0.409815743 0.005161641 0.612956407 1.75515945 0.18065745 328.7214 0.012418467 0.124062488 0.005 30153.6 1814.4 7603.2 34560 19872 0.050978 198.42732
35589 729549 15.49323595 8.698253689 14.47176046 0.009320259 0.180538417 1.508520037 0.893279686 1.945104719 3.602832381 4.430166279 0.008572482 0.141708114 0.034454641 3.745986149 0.414210753 0.004937489 0.6404558 1.588773886 0.1728121 329.616 0.012725573 0.126041573 0.005 30153.6 1814.4 7603.2 34560 19872 0.051302 241.2018
35590 729550 15.59166667 8.7 14.48 0.009333333 0.180666667 1.502666667 0.894 1.9444902 3.61 4.446471667 0.0086 0.142166667 0.036666667 3.76 0.415725 0.004833333 0.666666667 1.5 0.169166667 330.4854 0.013105006 0.128286398 0.005 30153.6 1814.4 7603.2 34560 19872 0.051413 340.0866
35591 729551 15.683495 8.699831987 14.47812841 0.009326081 0.180596372 1.497527977 0.892859941 1.944982287 3.608824357 4.440706388 0.008588117 0.142002164 0.039596648 3.753864309 0.415092724 0.004793233 0.692929194 1.453201006 0.167763142 331.3044 0.013549879 0.130768932 0.005 30153.6 1814.4 7603.2 34560 19872 0.051398 293.68332
35592 729552 15.77263261 8.699331344 14.47259751 0.009304791 0.180390023 1.492636561 0.889513317 1.946426802 3.605344097 4.423766258 0.008553234 0.141518697 0.043876593 3.735851621 0.413236686 0.004754972 0.720628236 1.408617535 0.166424018 332.0982 0.014053303 0.133461141 0.005 45100.8 1814.4 7603.2 34560 19872 0.051353 335.11968
35593 729553 15.85917734 8.698503162 14.46353311 0.009270165 0.180054422 1.487979694 0.884070457 1.948776123 3.599629225 4.39618484 0.008496501 0.140731329 0.049436346 3.706553511 0.410218076 0.004718487 0.749661599 1.366167531 0.165147059 332.8668 0.014608389 0.136334994 0.005 37238.4 1296 9244.8 34560 19872 0.051278 118.18548
35594 729554 15.94322704 8.697352532 14.45106102 0.009222906 0.179596372 1.483544653 0.876641687 1.951982628 3.591749745 4.358495695 0.008419069 0.139655121 0.056205753 3.666561555 0.406098081 0.004683715 0.779927088 1.325768937 0.163930028 333.585 0.01520825 0.139362457 0.005 53827.2 1296 9244.8 34560 19872 0.051175 75.285504
35595 729555 16.02487954 8.695884546 14.43530704 0.009163715 0.179022676 1.479318711 0.867337338 1.955998696 3.581775663 4.311232385 0.008322087 0.138305135 0.064114659 3.61646733 0.400937889 0.004650591 0.811322507 1.287339697 0.16277069 334.278 0.015845996 0.142515498 0.005 53827.2 1814.4 9244.8 34560 19872 0.051044 228.79584
35596 729556 16.1042327 8.694104295 14.41639698 0.009093294 0.178340136 1.475289146 0.856267736 1.960776706 3.569776982 4.254928471 0.008206706 0.136696433 0.073092909 3.556862413 0.394798688 0.004619052 0.843745662 1.250797754 0.16166681 334.9332 0.01651474 0.145766086 0.005 45100.8 1814.4 9244.8 34560 19872 0.050885 227.32164
35597 729557 16.18138435 8.692016872 14.39445665 0.009012346 0.177555556 1.471443231 0.84354321 1.966269037 3.555823706 4.190117515 0.008074074 0.134844077 0.083070348 3.488338378 0.387741667 0.004589033 0.877094356 1.216061052 0.160616151 335.5506 0.017207594 0.149086186 0.005 45100.8 1814.4 9244.8 34560 19872 0.050699 163.31868
35598 729558 16.25643235 8.689627368 14.36961186 0.008921571 0.176675737 1.467768244 0.829274088 1.972428067 3.539985842 4.117333078 0.007925343 0.132763129 0.093976822 3.411486802 0.379828013 0.004560471 0.911266396 1.183047534 0.159616477 336.1428 0.017917668 0.152447768 0.005 53827.2 2419.2 9244.8 34560 19872 0.050486 244.76256
35599 729559 16.32947453 8.686940874 14.34198841 0.008821672 0.175707483 1.464251458 0.8135707 1.979206174 3.522333392 4.037108723 0.007761662 0.130468652 0.105742175 3.326899262 0.371118914 0.004533302 0.946159586 1.151675145 0.158665553 336.6846 0.018638075 0.155822798 0.005 74044.8 2419.2 20649.6 34560 19872 0.050248 254.22012
35600 729560 16.40060875 8.683962482 14.31171211 0.00871335 0.174657596 1.46088015 0.796543372 1.986555738 3.502936362 3.949978011 0.007584181 0.127975707 0.118296253 3.235167333 0.361675559 0.004507461 0.981671731 1.121861827 0.157761142 337.1886 0.019361925 0.159183244 0.005 95904 2419.2 20649.6 34560 19872 0.049984 261.88596
35601 729561 16.46993284 8.680697284 14.27890878 0.008597308 0.17353288 1.457641595 0.778302433 1.994429137 3.481864756 3.856474503 0.00739405 0.125299356 0.1315689 3.136882591 0.351559135 0.004482886 1.017700637 1.093525525 0.15690101 337.6674 0.020082332 0.162501074 0.005 74044.8 3110.4 9244.8 34560 19872 0.049696 163.02384
35602 729562 16.53754466 8.677150372 14.24370421 0.008474247 0.172340136 1.454523068 0.758958212 2.002778749 3.459188578 3.757131762 0.00719242 0.122454662 0.145489963 3.032636613 0.340830831 0.004459512 1.054144107 1.066584182 0.156082919 338.0958 0.020792406 0.165748254 0.005 74044.8 2419.2 9244.8 34560 19872 0.049384 181.73484
35603 729563 16.60354204 8.673326836 14.20622422 0.008344869 0.171086168 1.451511845 0.738621036 2.011556954 3.434977834 3.652483349 0.006980439 0.119456686 0.159989285 2.923020975 0.329551834 0.004437275 1.090899947 1.040955741 0.155304635 338.4864 0.02148526 0.168896754 0.005 68688 2419.2 9244.8 34560 19872 0.049049 253.3356
35604 729564 16.66802284 8.669231768 14.16659461 0.008209877 0.169777778 1.448595202 0.717401235 2.02071613 3.409302527 3.543062825 0.006759259 0.11632049 0.174996713 2.808627253 0.317783333 0.004416112 1.127865961 1.016558146 0.154563921 338.8392 0.022154004 0.171918539 0.005 79747.2 3110.4 12009.6 34560 19872 0.04869 331.30944
35605 729565 16.73108489 8.664870261 14.12494119 0.008069971 0.168421769 1.445760413 0.695409135 2.030208655 3.382232663 3.429403752 0.006530029 0.113061137 0.190442091 2.690047023 0.305586516 0.004395958 1.164939956 0.993309341 0.153858542 339.1542 0.02279175 0.174785579 0.005 68688 2419.2 9244.8 34560 19872 0.04831 299.80692
35606 729566 16.79282604 8.660247406 14.08138977 0.007925854 0.167024943 1.442994754 0.672755066 2.039986908 3.353838245 3.312039692 0.006293899 0.109693688 0.206255264 2.567871861 0.29302257 0.00437675 1.202019735 0.971127269 0.153186261 339.4314 0.023391611 0.17746984 0.005 53827.2 2419.2 9244.8 34560 19872 0.047908 203.7886748
35607 729567 16.85334414 8.655368293 14.03606615 0.007778228 0.165594104 1.440285501 0.649549356 2.050003268 3.324189278 3.191504207 0.006052019 0.106233206 0.222366078 2.442693344 0.280152685 0.004358424 1.239003103 0.949929874 0.152544844 339.6582 0.023946697 0.179943289 0.005 45100.8 2419.2 9244.8 34560 19872 0.047484 288.89784
35608 729568 16.91273703 8.650238016 13.98909615 0.007627794 0.164136054 1.437619929 0.625902332 2.060210114 3.293355767 3.068330859 0.005805539 0.102694752 0.238704378 2.315103047 0.267038047 0.004340916 1.275787866 0.9296351 0.151932053 339.8598 0.024450121 0.182177895 0.005 63504 3888 18230.4 34560 19872 0.047041 234.23904
35609 729569 16.97110255 8.644861665 13.94060557 0.007475255 0.162657596 1.434985314 0.601924324 2.070559824 3.261407717 2.943053208 0.00555561 0.099093388 0.255200008 2.185692546 0.253739845 0.004324162 1.312271829 0.91016089 0.151345654 340.011 0.024894994 0.184145626 0.005 53827.2 3110.4 14515.2 34560 19872 0.046577 357.39144
35610 729570 17.02853856 8.639244332 13.89072022 0.007321312 0.161165533 1.43236893 0.57772566 2.081004776 3.228415131 2.816204816 0.00530338 0.095444178 0.271782815 2.055053418 0.240319266 0.004308097 1.348352795 0.891425187 0.15078341 340.1118 0.025274427 0.185818447 0.005 45100.8 2419.2 9244.8 34560 19872 0.046095 149.03028
35611 729571 17.08514289 8.633391109 13.8395659 0.007166667 0.159666667 1.429758054 0.553416667 2.09149735 3.194448015 2.688319246 0.00505 0.091762181 0.288382643 1.92377724 0.2268375 0.00429266 1.383928571 0.873345936 0.150243085 340.1748 0.025581533 0.187168328 0.005 45100.8 2419.2 9244.8 34560 19872 0.045593 167.76396
35612 729572 17.14101339 8.627307088 13.78726843 0.007012022 0.1581678 1.427139961 0.529107674 2.101989924 3.159576372 2.559930058 0.00479662 0.088062462 0.304929337 1.792455586 0.213355734 0.004277784 1.418896962 0.855841079 0.149722444 340.2 0.025809422 0.188167235 0.005 53827.2 2419.2 9244.8 34560 19230.968 0.045074 104.5548
35613 729573 17.1962479 8.620997359 13.73395361 0.006858079 0.156675737 1.424501926 0.504909009 2.112434876 3.123870208 2.431570816 0.00454439 0.08436008 0.321352743 1.661680033 0.199935155 0.004263407 1.453155771 0.838828561 0.149219251 340.1748 0.025951208 0.188787137 0.005 45100.8 2419.2 9244.8 34560 19230.968 0.044537 216.7074
35614 729574 17.25094428 8.614467014 13.67974725 0.006705539 0.155197279 1.421831225 0.480931001 2.122784586 3.087399527 2.303775079 0.004294461 0.0806701 0.337582705 1.532042157 0.186636953 0.004249465 1.486602804 0.822226325 0.14873127 340.1118 0.026 0.189 0.005 45100.8 1814.4 9244.8 34560 19230.968 0.043983 368.82216
35615 729575 17.30520035 8.607721146 13.62477515 0.006555106 0.153739229 1.419115132 0.457283978 2.132991432 3.050234333 2.17707641 0.004047981 0.077007582 0.353549069 1.404133535 0.173522315 0.004235893 1.519135867 0.805952315 0.148256265 340.011 0.026 0.18891605 0.005 37238.4 1814.4 9244.8 34560 19230.968 0.043413 291.9685148
35616 729576 17.35911398 8.600764846 13.56916313 0.006407479 0.15230839 1.416340925 0.434078267 2.143007792 3.012444631 2.052008371 0.003806101 0.073387589 0.36918168 1.278545743 0.16065243 0.004222629 1.550652763 0.789924473 0.147792 339.8598 0.026 0.188669739 0.005 45100.8 1814.4 9244.8 34560 19230.968 0.042828 184.1616
35617 729577 17.412783 8.593603205 13.513037 0.006263362 0.150911565 1.413495877 0.411424198 2.152786045 2.974100426 1.929104523 0.003569971 0.069825182 0.384410383 1.155870356 0.148088484 0.004209607 1.581051298 0.774060745 0.14733624 339.6708 0.026 0.188269377 0.005 53827.2 2419.2 9244.8 34560 19230.968 0.042227 288.46692
35618 729578 17.46630526 8.586241315 13.45652255 0.006123457 0.149555556 1.410567265 0.389432099 2.16227857 2.935271721 1.808898427 0.003340741 0.066335425 0.399165023 1.036698951 0.135891667 0.004196764 1.610229277 0.758279073 0.146886748 339.4314 0.026 0.187723274 0.005 45100.8 1814.4 9244.8 34560 19230.968 0.041612 323.23536
35619 729579 17.5197786 8.578684267 13.3997456 0.005988464 0.148247166 1.407542364 0.368212297 2.171437746 2.896028522 1.691923646 0.003119561 0.062933378 0.413375445 0.921623103 0.124123166 0.004184037 1.638084504 0.742497401 0.146441289 339.1668 0.026 0.18703974 0.005 30153.6 1296 9244.8 34560 19230.968 0.040983 211.80852
35620 729580 17.57330087 8.570937154 13.34283195 0.005859086 0.146993197 1.404408449 0.347875121 2.180215951 2.856440833 1.578713742 0.00290758 0.059634103 0.426971495 0.81123439 0.112844169 0.004171361 1.664514786 0.726633673 0.145997628 338.8518 0.026 0.186227086 0.005 30153.6 1296 9244.8 34560 19230.968 0.04034 218.45376
35621 729581 17.62696992 8.563005066 13.28590742 0.005736026 0.145800454 1.401152796 0.3285309 2.188565563 2.816578659 1.469802275 0.00270595 0.056452664 0.439883018 0.706124387 0.102115865 0.004158672 1.689417925 0.710605831 0.145553527 338.499 0.026 0.18529362 0.005 30153.6 1296 9244.8 34560 19230.968 0.039685 323.71164
35622 729582 17.68088358 8.554893096 13.22909781 0.005619983 0.144675737 1.39776268 0.310289961 2.196438962 2.776512004 1.365722807 0.002515819 0.053404121 0.452039858 0.60688467 0.091999441 0.004145907 1.712691728 0.694331821 0.145106751 338.1084 0.026 0.184247654 0.005 37238.4 1296 9244.8 34560 19230.968 0.039018 251.2944
35623 729583 17.7351397 8.546606334 13.17252893 0.005511662 0.14362585 1.394225377 0.293262634 2.203788526 2.736310873 1.267008901 0.002338338 0.050503538 0.463371861 0.514106816 0.082556086 0.004133002 1.734234 0.677729585 0.144655065 337.68 0.026 0.183097496 0.005 53827.2 1296 9244.8 34560 19230.968 0.03834 60.28344
35624 729584 17.78983613 8.538149874 13.11632658 0.005411763 0.142657596 1.390528162 0.277559245 2.210566633 2.696045269 1.174194117 0.002174657 0.047765975 0.473808872 0.4283824 0.073846987 0.004119892 1.753942545 0.660717067 0.144196233 337.2138 0.026 0.181851457 0.005 45100.8 1296 9244.8 34560 19230.968 0.03765 248.16456
35625 729585 17.84507071 8.529528805 13.06061657 0.005320988 0.141777778 1.38665831 0.263290123 2.216725663 2.655785199 1.087812018 0.002025926 0.045206495 0.483280736 0.350303 0.065933333 0.004106515 1.771715168 0.64321221 0.143728018 336.7098 0.026 0.180517847 0.005 63504 1814.4 12009.6 34560 19230.968 0.03695 252.56448
35626 729586 17.90094129 8.52074822 13.00552472 0.005240039 0.140993197 1.382603098 0.250565598 2.222217994 2.615600665 1.008396165 0.001893294 0.04284016 0.491717299 0.280460189 0.058876312 0.004092805 1.787449674 0.625132959 0.143248185 336.168 0.026 0.179104976 0.005 74044.8 1814.4 13564.8 34560 19230.968 0.036241 337.31964
35627 729587 17.95754571 8.511813211 12.95117683 0.005169618 0.140310658 1.3783498 0.239495996 2.226996004 2.575561674 0.936480119 0.001777913 0.040682032 0.499048405 0.219445546 0.052737111 0.0040787 1.801043868 0.606397256 0.142754498 335.5884 0.026 0.177621153 0.005 63504 1814.4 11145.6 34560 19230.968 0.035522 295.2936
35628 729588 18.01498182 8.502728868 12.8976987 0.005110427 0.139736961 1.373885692 0.230191646 2.231012072 2.535738228 0.872597443 0.001680931 0.038747173 0.5052039 0.167850646 0.047576919 0.004064135 1.812395555 0.586923046 0.142244721 334.971 0.026 0.176074689 0.005 53827.2 1814.4 11145.6 34560 19230.968 0.034795 284.7474
35629 729589 18.07334745 8.493500284 12.84521614 0.005063168 0.139278912 1.369198049 0.222762877 2.234218577 2.496200334 0.817281698 0.001603499 0.037050645 0.510113628 0.126267066 0.043456924 0.004049046 1.821402541 0.566628272 0.141716619 334.3158 0.026 0.174473894 0.005 63504 2419.2 13564.8 34560 19230.968 0.03406 228.36492
35630 729590 18.13274047 8.48413255 12.79385497 0.005028543 0.138943311 1.364274147 0.217320016 2.236567898 2.457017994 0.771066446 0.001546766 0.03560751 0.513707435 0.09528638 0.040438314 0.00403337 1.827962629 0.545430877 0.141167955 333.6354 0.026 0.172827077 0.005 53827.2 1814.4 11145.6 34560 19230.968 0.033318 203.46228
35631 729591 18.1932587 8.474630759 12.74374099 0.005007253 0.138736961 1.359101261 0.213973392 2.238012413 2.418261215 0.734485248 0.001511883 0.03443283 0.515915166 0.075500166 0.038582276 0.004017043 1.831973625 0.523248805 0.140596494 332.9172 0.026 0.171142548 0.005 45100.8 1814.4 11145.6 34560 19230.968 0.032569 330.62904
35632 729592 18.255 8.465 12.695 0.005 0.138666667 1.353666667 0.212833333 2.2385045 2.38 0.708071667 0.0015 0.033541667 0.516666667 0.0675 0.03795 0.004 1.833333333 0.5 0.14 332.1612 0.026 0.169428618 0.005 45100.8 1814.4 11145.6 34560 19230.968 0.031813 353.10492
35633 729593 18.32010432 8.452969178 12.64465635 0.005 0.138690601 1.347504984 0.213778328 2.234363157 2.338647717 0.687068876 0.001501918 0.032800896 0.514796453 0.065619417 0.038790999 0.003982003 1.827643755 0.475110679 0.139370088 331.3674 0.026 0.167693596 0.005 37238.4 1296 8899.2 34560 19230.968 0.030916 311.98608
35634 729594 18.390095 8.436600599 12.59006377 0.005 0.138761094 1.340233252 0.216511991 2.222482256 2.291130634 0.666410836 0.001507486 0.0320692 0.509411706 0.06379968 0.041206036 0.003962983 1.811259421 0.448277724 0.13870441 330.5484 0.026 0.165945793 0.005 37238.4 1296 8899.2 34560 19230.968 0.029761 212.076337
35635 729595 18.46414499 8.416399457 12.53184219 0.005 0.138876182 1.331962379 0.220882345 2.203676486 2.238288103 0.64616728 0.001516423 0.031349356 0.500851268 0.062043958 0.045033166 0.003943137 1.785206933 0.419825073 0.138009789 329.6916 0.026 0.164193518 0.005 45100.8 1814.4 11145.6 34560 19230.968 0.02838 335.68668
35636 729596 18.54142721 8.392870947 12.47061152 0.005 0.139033898 1.322803269 0.22673741 2.178760539 2.180959477 0.626407944 0.001528448 0.03064414 0.48945398 0.06035542 0.050110448 0.003922658 1.750512893 0.390076666 0.137293045 328.8096 0.026 0.162445081 0.005 45100.8 1814.4 11145.6 34560 19230.968 0.026803 322.44156
35637 729597 18.62111462 8.366520266 12.40699168 0.005 0.139232279 1.312866831 0.233925208 2.148549104 2.119984109 0.607202563 0.00154328 0.029956327 0.475558686 0.058737235 0.056275939 0.003901743 1.7082039 0.359356441 0.136561 327.8898 0.026 0.160708792 0.005 37238.4 1814.4 11145.6 34560 19230.968 0.025061 66.36168
35638 729598 18.70238013 8.337852609 12.34160259 0.005 0.139469358 1.30226397 0.242293758 2.113856872 2.056201352 0.588620872 0.001560639 0.029288694 0.459504226 0.057192572 0.063367696 0.003880585 1.659306558 0.327988338 0.135820475 326.9322 0.026 0.158992961 0.005 37238.4 1814.4 11145.6 34560 19230.968 0.023186 211.17348
35639 729599 18.7843967 8.30737317 12.27506416 0.005 0.139743173 1.291105592 0.251691083 2.075498533 1.990450559 0.570732607 0.001580243 0.028644016 0.441629443 0.055724599 0.071223777 0.00385938 1.604847467 0.296296296 0.13507829 325.962 0.026 0.157305898 0.005 33609.6 1814.4 11145.6 34560 19230.968 0.021207 328.65588
35640 729600 18.86633725 8.275587145 12.20799632 0.005 0.140051756 1.279502604 0.261965203 2.034288778 1.923571083 0.553607504 0.001601813 0.028025069 0.422273178 0.054336485 0.079682239 0.003838322 1.545853228 0.264604254 0.134341267 324.9414 0.026 0.155655914 0.005 37238.4 2419.2 13564.8 34560 19230.968 0.019156 301.21308
35641 729601 18.94737472 8.242999729 12.14101898 0.005 0.140393144 1.267565913 0.272964139 1.991042297 1.856402277 0.537315296 0.001625068 0.027434629 0.401774273 0.053031399 0.088581139 0.003817606 1.483350444 0.233236152 0.133616227 323.9082 0.026 0.154051317 0.005 45100.8 1814.4 11145.6 34560 19230.968 0.017064 249.43464
35642 729602 19.02668206 8.210116118 12.07475206 0.005 0.140765372 1.255406424 0.284535912 1.946573781 1.789783494 0.52192572 0.001649726 0.026875473 0.380471571 0.051812511 0.097758534 0.003797428 1.418365715 0.202515927 0.132909991 322.8372 0.026 0.152500418 0.005 53827.2 1814.4 11145.6 34560 19230.968 0.014962 101.33424
35643 729603 19.10343219 8.177441506 12.00981547 0.005 0.141166475 1.243135045 0.296528543 1.901697919 1.724554087 0.50750851 0.001675507 0.026350375 0.358703914 0.050682987 0.107052483 0.003777982 1.351925642 0.17276752 0.132229381 321.7284 0.026 0.151011527 0.005 53827.2 2419.2 13564.8 34560 19230.968 0.01288 212.94252
35644 729604 19.17679805 8.145481089 11.94682914 0.005 0.141594487 1.230862681 0.308790053 1.857229403 1.661553409 0.494133402 0.001702131 0.025862111 0.336810142 0.049645999 0.116301042 0.003759463 1.285056828 0.144314869 0.131581218 320.607 0.026 0.149592954 0.005 45100.8 1814.4 13564.8 34560 19230.968 0.01085 246.21408
35645 729605 19.24595258 8.114740063 11.88641298 0.005 0.142047445 1.218700239 0.321168464 1.813982922 1.601620812 0.481870132 0.001729317 0.025413459 0.315129099 0.048704713 0.125342269 0.003742066 1.218785873 0.117481913 0.130972322 319.4478 0.026 0.148253008 0.005 45100.8 1296 11145.6 34560 19230.968 0.0089028 246.57696
35646 729606 19.31006872 8.085723622 11.8291869 0.005 0.142523382 1.206758626 0.333511795 1.772773167 1.54559565 0.470788433 0.001756783 0.025007193 0.293999626 0.047862299 0.13401422 0.003725986 1.154139378 0.092592593 0.130409515 318.2634 0.026 0.147 0.005 37238.4 1296 11145.6 34560 19230.968 0.0070686 266.67144
35647 729607 19.3683194 8.058936962 11.77577084 0.005 0.143020335 1.195148747 0.345668069 1.734414828 1.494317275 0.460958043 0.001784249 0.02464609 0.273760565 0.047121927 0.142154954 0.003711418 1.092143946 0.069970845 0.129899618 317.0538 0.026024023 0.145767513 0.005 37238.4 1296 11145.6 34560 19230.968 0.0053787 300.75948
35648 729608 19.41987756 8.034885278 11.7267847 0.005 0.143536337 1.18398151 0.357485305 1.699722596 1.448625042 0.452448695 0.001811436 0.024332925 0.254750758 0.046486764 0.149602528 0.003698556 1.033826177 0.049940611 0.129449453 315.819 0.026094227 0.144486927 0.005 45100.8 1814.4 11145.6 34560 19230.968 0.003864 300.78216
35649 729609 19.46391614 8.014073765 11.6828484 0.005 0.144069426 1.173367821 0.368811525 1.669511161 1.409358301 0.445330125 0.00183806 0.024070474 0.237309047 0.045959979 0.156194999 0.003687595 0.980212673 0.032825829 0.12906584 314.5464 0.026207813 0.143163246 0.005 53827.2 2419.2 13564.8 34560 19230.968 0.0025554 304.77384
35650 729610 19.49960806 7.997007619 11.64458187 0.005 0.144617634 1.163418585 0.379494751 1.644595214 1.377356407 0.439672069 0.001863843 0.023861514 0.221774273 0.045544741 0.161770424 0.003678731 0.932330036 0.018950437 0.1287556 313.2612 0.026361983 0.141801476 0.005 45100.8 1814.4 13564.8 34560 19230.968 0.0014838 289.64628
35651 729611 19.52612628 7.984192035 11.61260501 0.005 0.145178998 1.15424471 0.389383002 1.625789444 1.353458713 0.435544262 0.001888504 0.02370882 0.20848528 0.04524422 0.166166861 0.003672159 0.891204866 0.008638376 0.128525555 311.9508 0.026553936 0.140406621 0.005 45100.8 1296 13564.8 34560 19230.968 0.00068006 238.707
35652 729612 19.54264373 7.976132208 11.58753775 0.005 0.145751553 1.145957102 0.3983243 1.613908543 1.33850457 0.433016438 0.00191176 0.023615168 0.197780908 0.045061583 0.169222367 0.003668072 0.857863764 0.002213584 0.128382526 310.6026 0.026780875 0.138983685 0.005 37238.4 1296 11145.6 34560 19230.968 0.00017517 226.41444
35653 729613 19.54833333 7.973333333 11.57 0.005 0.146333333 1.138666667 0.406166667 1.6097672 1.333333333 0.432158333 0.001933333 0.023583333 0.19 0.045 0.170775 0.003666667 0.833333333 0 0.128333333 309.2418 0.02704 0.137537674 0.005 37238.4 1296 11145.6 34560 19230.968 0 206.8416
35654 729614 19.54762223 7.973575541 11.5568664 0.005 0.147060876 1.131978917 0.413466254 1.610508582 1.333567337 0.432330063 0.001954216 0.023950235 0.18383612 0.045041968 0.171512329 0.003667533 0.813676388 0 0.128363659 307.8558 0.027328513 0.136073593 0.005 33609.6 1296 11145.6 34560 19230.968 5.25E-06 115.73604
35655 729615 19.54550285 7.974295088 11.54457199 0.005 0.148062891 1.125423486 0.420871942 1.612694042 1.334254946 0.432836722 0.001975566 0.025028362 0.177758671 0.045165289 0.172229973 0.003670132 0.794277426 0 0.128454617 306.4446 0.027643615 0.134596445 0.005 30153.6 1296 11145.6 34560 19230.968 2.11E-05 150.39108
35656 729616 19.5419961 7.975481361 11.5330773 0.005 0.149325675 1.118997459 0.428370839 1.616265554 1.335374562 0.43366551 0.00199735 0.026783846 0.171770255 0.04536609 0.172928061 0.003674462 0.775145572 0 0.128606182 305.0208 0.027982507 0.133111236 0.005 30153.6 1296 11145.6 34560 19230.968 4.76E-05 177.65244
35657 729617 19.53712288 7.97712375 11.52234288 0.005 0.150835524 1.112697925 0.435950056 1.621165088 1.336904583 0.434803631 0.002019533 0.02918282 0.165873473 0.045640496 0.173606721 0.003680524 0.756289953 0 0.128818324 303.5592 0.028342391 0.131622971 0.005 30153.6 1296 11145.6 34560 19230.968 8.49E-05 234.9146145
35658 729618 19.53090409 7.97921164 11.51232926 0.005 0.152578733 1.10652197 0.443596702 1.627334618 1.33882341 0.436238288 0.002042081 0.032191415 0.160070925 0.045984633 0.174266082 0.003688315 0.737719692 0 0.129091019 302.085 0.028720466 0.130136654 0.005 53827.2 2419.2 13564.8 34560 19230.968 0.00013315 280.16604
35659 729619 19.52336065 7.981734419 11.50299698 0.005 0.154541598 1.100466682 0.451297888 1.634716114 1.341109442 0.437956681 0.00206496 0.035775764 0.154365212 0.046394628 0.174906272 0.003697835 0.719443914 0 0.129424237 300.5856 0.029113936 0.12865729 0.005 63504 3110.4 13564.8 34560 19230.968 0.00019245 258.59736
35660 729620 19.51451345 7.984681474 11.49430656 0.005 0.156710416 1.094529147 0.459040722 1.643251551 1.343741078 0.439946014 0.002088135 0.039901998 0.148758935 0.046866606 0.175527421 0.003709084 0.701471746 0 0.129817953 299.061 0.02952 0.127189883 0.005 74044.8 2419.2 13564.8 34560 19230.968 0.00026292 234.76068
35661 729621 19.5043834 7.988042193 11.48621855 0.005 0.159071482 1.088706453 0.466812314 1.652882899 1.346696719 0.442193489 0.002111574 0.044536251 0.143254696 0.047396694 0.176129656 0.003722061 0.683812313 0 0.130272138 297.5238 0.02993586 0.12573944 0.005 63504 2419.2 13564.8 34560 19230.968 0.00034468 273.15792
35662 729622 19.4929914 7.991805963 11.47869348 0.005 0.161611093 1.082995686 0.474599774 1.663552131 1.349954765 0.444686308 0.00213524 0.049644654 0.137855094 0.047981018 0.176713108 0.003736765 0.666474738 0 0.130786767 295.974 0.030358717 0.124310963 0.005 53827.2 2419.2 13564.8 34560 19230.968 0.00043785 240.58944
35663 729623 19.48035836 7.995962172 11.4716919 0.005 0.164315544 1.077393934 0.482390212 1.675201219 1.353493614 0.447411673 0.0021591 0.055193338 0.132562731 0.048615702 0.177277904 0.003753195 0.649468148 0 0.131361811 294.3864 0.030785773 0.122909459 0.005 53827.2 1814.4 11145.6 34560 19230.968 0.00054255 240.61212
35664 729624 19.46650517 8.000500207 11.46517432 0.005 0.167171131 1.071898284 0.490170738 1.687772136 1.357291667 0.450356787 0.00218312 0.061148438 0.127380208 0.049296875 0.177824173 0.00377135 0.632801668 0 0.131997243 292.7988 0.031214227 0.121539931 0.005 53827.2 1814.4 11145.6 34560 19230.968 0.00065889 120.22668
35665 729625 19.45145275 8.005409455 11.4591013 0.005 0.17016415 1.066505823 0.49792846 1.701206853 1.361327323 0.453508852 0.002207266 0.067476083 0.122310126 0.050020661 0.178352044 0.00379123 0.616484422 0 0.132693037 291.1734 0.031641283 0.120207385 0.005 63504 1296 11145.6 34560 19230.968 0.000787 60.35148
35666 729626 19.435222 8.010679304 11.45343336 0.005 0.173280898 1.061213638 0.50565049 1.715447342 1.365578982 0.456855069 0.002231503 0.074142407 0.117355085 0.050783187 0.178861646 0.003812833 0.600525537 0 0.133449165 289.548 0.03206414 0.118916825 0.005 53827.2 1814.4 8899.2 34560 19230.968 0.00092699 259.66332
35667 729627 19.41783381 8.01629914 11.44813104 0.005 0.176507669 1.056018816 0.513323935 1.730435576 1.370025044 0.460382642 0.002255797 0.081113542 0.112517687 0.051580579 0.179353108 0.00383616 0.584934136 0 0.1342656 287.8974 0.03248 0.117673256 0.005 53827.2 1296 8899.2 34560 19230.968 0.001079 276.49188
35668 729628 19.3993091 8.022258352 11.44315488 0.005 0.179830761 1.050918445 0.520935907 1.746113528 1.374643908 0.464078773 0.002280114 0.08835562 0.107800532 0.052408962 0.179826557 0.003861209 0.569719346 0 0.135142314 286.2342 0.032886064 0.116481682 0.005 45100.8 1296 8899.2 34560 19230.968 0.0012431 289.5545739
35669 729629 19.37966877 8.028546327 11.43846541 0.005 0.183236469 1.045909611 0.528473515 1.762423169 1.379413974 0.467930664 0.00230442 0.095834773 0.103206222 0.053264463 0.180282123 0.003887979 0.554890291 0 0.136079282 284.5458 0.033279534 0.11534711 0.005 45100.8 1296 8899.2 34560 19230.968 0.0014195 251.56656
35670 729630 19.35893373 8.035152452 11.43402318 0.005 0.186711089 1.040989401 0.535923868 1.779306471 1.384313643 0.471925517 0.002328681 0.103517133 0.098737357 0.054143208 0.180719935 0.003916471 0.540456096 0 0.137076475 282.8448 0.033657609 0.114274542 0.005 63504 1296 8899.2 34560 19230.968 0.0016082 231.31332
35671 729631 19.33712486 8.042066114 11.4297887 0.005 0.190240917 1.036154902 0.543274077 1.796705406 1.389321312 0.476050534 0.002352861 0.111368833 0.094396538 0.055041322 0.181140121 0.003946682 0.526425887 0 0.138133866 281.1312 0.034017493 0.113268984 0.005 63504 2419.2 13564.8 34560 19230.968 0.0018094 248.02848
35672 729632 19.31426309 8.049276701 11.42572253 0.005 0.193812249 1.031403203 0.55051125 1.814561948 1.394415383 0.480292918 0.002376928 0.119356004 0.090186366 0.055954933 0.18154281 0.003978612 0.512808788 0 0.139251428 279.405 0.034356385 0.112335441 0.005 53827.2 1814.4 11145.6 34560 19230.968 0.0020232 238.84308
35673 729633 19.29036931 8.056773601 11.4217852 0.005 0.19741138 1.026731389 0.557622498 1.832818067 1.399574255 0.484639871 0.002400847 0.127444778 0.086109441 0.056880165 0.181928131 0.004012261 0.499613926 0 0.140429135 277.6536 0.034671487 0.111478918 0.005 45100.8 1296 8899.2 34560 19230.968 0.0022498 251.2210519
35674 729634 19.26546443 8.0645462 11.41793723 0.005 0.201024608 1.022136547 0.56459493 1.851415736 1.404776327 0.489078595 0.002424583 0.135601289 0.082168366 0.057813146 0.182296212 0.004047627 0.486850424 0 0.141666958 275.9022 0.03496 0.110704419 0.005 45100.8 1296 8899.2 34560 19872 0.0024892 176.58648
35675 729635 19.23956935 8.072583886 11.41413918 0.005 0.204638227 1.017615766 0.571415656 1.870296928 1.41 0.493596293 0.002448103 0.143791667 0.078365741 0.05875 0.182647182 0.004084711 0.474527409 0 0.142964871 274.1256 0.035219125 0.110016948 0.005 45100.8 1296 8899.2 34560 19872 0.0027415 150.3481328
35676 729636 19.21270498 8.080876046 11.41035157 0.005 0.208238534 1.013166132 0.578071786 1.889403615 1.415223673 0.498180167 0.002471372 0.151982045 0.074704166 0.059686854 0.18298117 0.00412351 0.462654004 0 0.144322846 272.3364 0.035446064 0.109421512 0.005 45100.8 1296 8899.2 34560 19872 0.0030069 218.81664
35677 729637 19.18489221 8.089412068 11.40653494 0.005 0.211811825 1.008784731 0.584550429 1.908677768 1.420425745 0.502817418 0.002494356 0.160138555 0.071186243 0.060619835 0.183298304 0.004164024 0.451239337 0 0.145740857 270.5346 0.035638017 0.108923113 0.005 45100.8 1296 8899.2 34560 19872 0.0032855 224.8389038
35678 729638 19.15615196 8.098181338 11.40264982 0.005 0.215344396 1.004468652 0.590838694 1.92806136 1.425584617 0.50749525 0.00251702 0.168227329 0.067814572 0.061545067 0.183598714 0.004206254 0.44029253 0 0.147218876 268.7328 0.035792187 0.108526758 0.005 37238.4 1296 8899.2 34560 19872 0.0035774 224.71344
35679 729639 19.12650512 8.107173246 11.39865676 0.005 0.218822542 1.000214981 0.596923693 1.947496363 1.430678688 0.512200865 0.002539332 0.1762145 0.064591754 0.062458678 0.183882528 0.004250196 0.429822711 0 0.148756876 266.9058 0.035905773 0.108237451 0.005 37238.4 1296 8899.2 34560 19872 0.0038828 221.44752
35680 729640 19.0959726 8.116377177 11.39451629 0.005 0.22223256 0.996020806 0.602792534 1.966924749 1.435686357 0.516921464 0.002561256 0.1840662 0.061520391 0.063356792 0.184149875 0.004295852 0.419839003 0 0.15035483 265.0788 0.035975977 0.108060197 0.005 37238.4 1296 8899.2 34560 19872 0.0042017 108.22896
35681 729641 19.06457531 8.125782519 11.39018894 0.005 0.225560745 0.991883212 0.608432327 1.98628849 1.440586026 0.521644251 0.002582758 0.19174856 0.058603083 0.064235537 0.184400883 0.00434322 0.410350532 0 0.15201271 263.2392 0.036 0.108 0.005 33609.6 1296 8899.2 34560 19872 0.0045343 61.28136
35682 729642 19.03233415 8.13537866 11.38563524 0.005 0.228793394 0.987799289 0.613830182 2.00552956 1.445356092 0.526356427 0.002603803 0.199227713 0.055842431 0.065091038 0.184635681 0.0043923 0.401366423 0 0.15373049 261.3744 0.03598247 0.108046507 0.005008368 30153.6 1296 8899.2 34560 19872 0.0048807 252.92736
35683 729643 18.99927002 8.145154986 11.38081575 0.005 0.231916802 0.983766122 0.618973208 2.024589929 1.449974956 0.531045194 0.002624359 0.206469791 0.053241036 0.065919421 0.184854398 0.00444309 0.392895802 0 0.155508143 259.5222 0.035930926 0.108184533 0.005032934 30153.6 1296 8899.2 34560 19872 0.0052411 236.23488
35684 729644 18.96540382 8.155100886 11.37569098 0.005 0.234917266 0.979780799 0.623848516 2.04341157 1.454421018 0.535697756 0.00264439 0.213440926 0.050801499 0.066716813 0.185057163 0.00449559 0.384947792 0 0.15734564 257.6448 0.035846939 0.108411834 0.005072886 30153.6 1296 8899.2 34560 19872 0.0056154 240.83892
35685 729645 18.93075647 8.165205746 11.37022148 0.005 0.237781081 0.975840406 0.628443214 2.061936455 1.458672677 0.540301313 0.002663863 0.22010725 0.048526421 0.067479339 0.185244103 0.004549799 0.377531521 0 0.159242956 255.7674 0.035732077 0.108726168 0.005127416 30153.6 1296 8899.2 34560 19872 0.0060039 191.94084
35686 729646 18.89534885 8.175458955 11.36436778 0.005 0.240494544 0.971942031 0.632744413 2.080106557 1.462708333 0.544843069 0.002682742 0.226434896 0.046418403 0.068203125 0.185415349 0.004605716 0.370656112 0 0.161200063 253.8774 0.035587912 0.109125292 0.005195713 26179.2 1296 8899.2 34560 19872 0.0064067 174.47724
35687 729647 18.85920189 8.185849898 11.35809042 0.005 0.243043949 0.968082762 0.636739221 2.097863847 1.466506386 0.549310226 0.002700995 0.232389995 0.044480045 0.068884298 0.185571029 0.004663341 0.36433069 0 0.163216933 251.9748 0.035416013 0.109606962 0.005276968 86313.6 2419.2 21513.6 34560 19872 0.0068238 41.32296
35688 729648 18.82233647 8.196367965 11.35134994 0.005 0.245415594 0.964259684 0.64041475 2.115150298 1.470045235 0.553689986 0.002718586 0.23793868 0.042713949 0.069518982 0.185711271 0.004722673 0.358564382 0 0.16529354 250.0722 0.035217949 0.110168935 0.00537037 53827.2 1814.4 11145.6 34560 19872 0.0072555 220.47228
35689 729649 18.78477351 8.207002541 11.34410686 0.005 0.247595775 0.960469886 0.643758108 2.131907882 1.473303281 0.557969551 0.002735481 0.243047082 0.041122715 0.070103306 0.185836205 0.00478371 0.353366311 0 0.167429857 248.157 0.03499529 0.110808968 0.005475111 45100.8 1296 11145.6 34560 19872 0.0077018 216.27648
35690 729650 18.74653391 8.217743015 11.33632174 0.005 0.249570786 0.956710454 0.646756406 2.148078571 1.476258922 0.562136124 0.002751647 0.247681335 0.039708944 0.070633394 0.185945958 0.004846453 0.348745604 0 0.169625855 246.2418 0.034749608 0.111524818 0.005590379 30153.6 1296 8899.2 34560 19872 0.0081629 198.5634
35691 729651 18.70763857 8.228578774 11.32795509 0.005 0.251326925 0.952978475 0.649396752 2.163604337 1.478890558 0.566176906 0.002767049 0.251807569 0.038475238 0.071105372 0.18604066 0.0049109 0.344711385 0 0.171881509 244.314 0.03448247 0.112314242 0.005715366 30153.6 1296 8899.2 34560 19872 0.0086388 182.48328
35692 729652 18.6681084 8.239499205 11.31896746 0.005 0.252850486 0.949271037 0.651666257 2.178427153 1.48117659 0.570079101 0.002781652 0.255391918 0.037424197 0.071515367 0.186120439 0.004977051 0.34127278 0 0.17419679 242.3862 0.034195447 0.113174996 0.00584926 30153.6 1296 8899.2 34560 19872 0.0091297 227.2246468
35693 729653 18.6279643 8.250493695 11.30931938 0.005 0.254127767 0.945585226 0.65355203 2.19248899 1.483095417 0.573829909 0.002795424 0.258400513 0.036558422 0.071859504 0.186185424 0.005044905 0.338438913 0 0.176571673 240.4584 0.03389011 0.114104838 0.005991254 30153.6 1296 8899.2 34560 19872 0.0096358 218.90736
35694 729654 18.58722717 8.261551633 11.2989714 0.005 0.255145063 0.94191813 0.655041182 2.205731821 1.484625438 0.577416535 0.002808328 0.260799487 0.035880514 0.07213391 0.186235744 0.005114461 0.336218909 0 0.179006129 238.518 0.033568027 0.115101525 0.006140536 26179.2 1296 8899.2 34560 19872 0.010157 212.9652
35695 729655 18.54591792 8.272662404 11.28788404 0.005 0.25588867 0.938266835 0.656120821 2.218097619 1.485745054 0.580826179 0.002820332 0.262554971 0.035393073 0.072334711 0.186271528 0.005185718 0.334621895 0 0.181500131 236.5776 0.033230769 0.116162813 0.006296296 26179.2 1296 8899.2 34560 19872 0.010694 201.3984
35696 729656 18.50405745 8.283815398 11.27601784 0.005 0.256344883 0.93462843 0.656778057 2.229528354 1.486432663 0.584046045 0.002831401 0.263633098 0.035098702 0.072458032 0.186292903 0.005258676 0.333656995 0 0.184053653 234.6372 0.032879906 0.11728646 0.006457726 26179.2 1296 8899.2 34560 19872 0.011246 175.18032
35697 729657 18.46166667 8.295 11.26333333 0.005 0.2565 0.931 0.657 2.239966 1.486666667 0.587063333 0.0028415 0.264 0.035 0.0725 0.1863 0.005333333 0.333333333 0 0.186666667 232.6842 0.032517007 0.118470221 0.006624015 22550.4 1296 8899.2 34560 19872 0.011813 110.47428
35698 729658 18.41517173 8.307823529 11.24694581 0.005010978 0.256114674 0.927288802 0.655962585 2.250069932 1.485181143 0.590058763 0.002850711 0.263895609 0.035274448 0.072369496 0.1858796 0.005450123 0.333753287 0 0.190754322 230.7312 0.032143642 0.119711855 0.006794353 22550.4 1296 8899.2 34560 19872 0.013149 32.828544
35699 729659 18.36120784 8.323652082 11.22436891 0.005042472 0.255009232 0.923426734 0.652986395 2.260483337 1.480881086 0.593201515 0.002859188 0.263587745 0.0360618 0.071990481 0.184673534 0.00564383 0.335004744 0 0.197534037 228.7782 0.031761381 0.121009117 0.00696793 22550.4 1296 8899.2 34560 19872 0.015904 162.5084732
35700 729660 18.30010951 8.342113216 11.19616072 0.005092323 0.253259475 0.919447844 0.64827551 2.271123907 1.47400127 0.596461486 0.002867009 0.263084368 0.037308066 0.071381696 0.182764504 0.005905977 0.337075097 0 0.206709192 226.8252 0.031371795 0.122359765 0.007143937 22550.4 1296 8899.2 34560 19872 0.019925 99.31572
35701 729661 18.23221121 8.362834489 11.16287929 0.00515837 0.250941205 0.915386181 0.642034014 2.281909332 1.464776466 0.599808573 0.00287425 0.26239344 0.038959256 0.070561886 0.180235212 0.00622809 0.339951738 0 0.217983164 224.8722 0.030976452 0.123761557 0.007321564 22550.4 1296 8899.2 34560 19872 0.025062 176.60916
35702 729662 18.15784744 8.385443456 11.12508272 0.005238455 0.248130224 0.911275793 0.634465986 2.292757302 1.453441449 0.603212675 0.002880988 0.261522921 0.040961379 0.069549792 0.177168359 0.006601695 0.343622059 0 0.231059332 222.9192 0.030576923 0.125212247 0.0075 22550.4 1296 8899.2 34560 19872 0.03116 192.46248
35703 729663 18.07735269 8.409567676 11.08332908 0.005330418 0.244902332 0.907150729 0.62577551 2.303585509 1.44023099 0.606643687 0.002887301 0.260480774 0.043260447 0.068364158 0.173646647 0.007018316 0.348073453 0 0.245641074 220.9662 0.030174778 0.126709594 0.007678436 26179.2 1296 8899.2 34560 19872 0.038068 186.02136
35704 729664 17.99106144 8.434834704 11.03817643 0.005432099 0.241333333 0.903045037 0.616166667 2.314311644 1.425379863 0.610071508 0.002893266 0.259274959 0.045802469 0.067023726 0.169752778 0.007469479 0.353293312 0 0.261431768 219.0006 0.029771586 0.128251355 0.007856063 26179.2 1296 8899.2 34560 19230.968 0.045634 40.41576
35705 729665 17.89930819 8.460872099 10.99018286 0.005541338 0.237499028 0.898992766 0.605843537 2.324853396 1.40912284 0.613466034 0.002898959 0.257913436 0.048533456 0.06554724 0.165569453 0.007946708 0.35926903 0 0.278134793 217.0476 0.029368917 0.129835285 0.00803207 26179.2 1296 8899.2 34560 19230.968 0.053706 97.43328
35706 729666 17.80242743 8.487307418 10.93990645 0.005655977 0.233475219 0.895027965 0.595010204 2.335128456 1.391694694 0.616797163 0.002904458 0.256404169 0.051399417 0.063953443 0.161179373 0.008441529 0.365987997 0 0.295453526 215.0946 0.028968341 0.131459143 0.008205647 26179.2 1296 8899.2 34560 19230.968 0.062131 159.71256
35707 729667 17.70075365 8.513768216 10.88790526 0.005773855 0.229337707 0.891184682 0.583870748 2.345054516 1.373330198 0.620034792 0.00290984 0.254755117 0.054346363 0.062261077 0.156665241 0.008945467 0.373437608 0 0.313091347 213.1416 0.028571429 0.133120685 0.008375985 26179.2 1296 8899.2 34560 19230.968 0.070757 30.52728
35708 729668 17.59462133 8.539882052 10.83473737 0.005892812 0.225162293 0.887496966 0.572629252 2.354549266 1.354264124 0.623148818 0.002915181 0.252974241 0.057320304 0.060488885 0.152109759 0.009450047 0.381605254 0 0.330751633 211.2012 0.028179749 0.134817668 0.008542274 22550.4 1296 8899.2 34560 19230.968 0.079431 83.32632
35709 729669 17.48436497 8.565276482 10.78096086 0.00601069 0.221024781 0.883998865 0.561489796 2.363530397 1.334731247 0.626109139 0.00292056 0.251069504 0.06026725 0.058655611 0.147595627 0.009946793 0.390478328 0 0.348137764 209.2482 0.027794872 0.136547848 0.008703704 22550.4 1296 8899.2 34560 19230.968 0.088002 16.08012
35710 729670 17.37031906 8.589579063 10.7271338 0.006125328 0.217000972 0.880724428 0.550656463 2.371915599 1.314966338 0.628885652 0.002926052 0.249048865 0.063133211 0.056779997 0.143205547 0.010427232 0.400044222 0 0.364953116 207.3078 0.027418367 0.138308984 0.008859464 22550.4 1296 8899.2 34560 19230.968 0.096317 158.28372
35711 729671 17.25281809 8.612417352 10.67381427 0.006234568 0.213166667 0.877707704 0.540333333 2.379622563 1.29520417 0.631448254 0.002931735 0.246920287 0.065864198 0.054880786 0.139022222 0.010882888 0.410290328 0 0.380901069 205.3674 0.027051805 0.140098831 0.009008746 22550.4 1296 8899.2 34560 19230.968 0.10422 122.1318
35712 729672 17.13219654 8.633418907 10.62156035 0.006336249 0.209597668 0.87498274 0.53072449 2.386568979 1.275679516 0.633766842 0.002937686 0.244691731 0.06840622 0.052976721 0.135128353 0.011305286 0.42120404 0 0.395685001 203.4396 0.026696756 0.141915146 0.00915074 22550.4 1296 8899.2 34560 19230.968 0.11157 165.1104
35713 729673 17.00878891 8.652211284 10.5709301 0.006428211 0.206369776 0.872583587 0.522034014 2.392672539 1.256627149 0.635811314 0.002943982 0.242371157 0.070705287 0.051086545 0.131606641 0.011685951 0.43277275 0 0.40900829 201.5118 0.026354788 0.143755686 0.009284634 22550.4 1296 8899.2 34560 19230.968 0.11821 80.26452
35714 729674 16.88292969 8.668422041 10.5224816 0.006508296 0.203558795 0.870544292 0.514465986 2.397850934 1.238281842 0.637551567 0.0029507 0.239966527 0.072707411 0.049229 0.128539788 0.012016409 0.44498385 0 0.420574314 199.584 0.026027473 0.145618209 0.009409621 22550.4 1296 8899.2 34560 19230.968 0.12398 44.24868
35715 729675 16.75495336 8.681678733 10.47677294 0.006574344 0.201240525 0.868898904 0.50822449 2.402021853 1.220878367 0.638957498 0.002957917 0.237485801 0.074358601 0.047422831 0.126010496 0.012288184 0.457824732 0 0.430086453 197.6688 0.025716379 0.147500471 0.009524889 30153.6 1296 8899.2 34560 19230.968 0.12873 42.38892
35716 729676 16.62519442 8.691608919 10.43436218 0.006624195 0.199490768 0.867681471 0.503513605 2.405102988 1.204651498 0.639999005 0.00296571 0.234936942 0.075604866 0.045686779 0.124101466 0.012492802 0.47128279 0 0.437248083 195.7536 0.025423077 0.149400229 0.00962963 26179.2 1296 8899.2 34560 19230.968 0.13231 116.75664
35717 729677 16.49398736 8.697840156 10.39580739 0.006655689 0.198385326 0.866926043 0.500537415 2.407012029 1.189836007 0.640645984 0.002974157 0.23232791 0.076392218 0.044039588 0.1228954 0.012621788 0.485345415 0 0.441762584 193.851 0.025149137 0.15131524 0.009723032 30153.6 1296 8899.2 34560 19230.968 0.13457 103.21668
35718 729678 16.36166667 8.7 10.36166667 0.006666667 0.198 0.866666667 0.4995 2.407666667 1.176666667 0.640868333 0.002983333 0.229666667 0.076666667 0.0425 0.122475 0.012666667 0.5 0 0.443333333 191.9484 0.024896128 0.15324326 0.009804287 30153.6 1296 8899.2 34560 19230.968 0.13536 36.4014
35719 729679 16.22152376 8.69877683 10.33107105 0.00665946 0.198202773 0.86683512 0.50011049 2.405960985 1.164156703 0.64057101 0.002994125 0.226213038 0.076574407 0.040959121 0.123056805 0.012641443 0.54624934 0.000614016 0.442450501 190.0584 0.02466562 0.155182047 0.009872584 26179.2 1296 8899.2 34560 19230.968 0.13482 54.34128
35720 729680 16.06736405 8.695196123 10.30263794 0.006638598 0.198798057 0.867331753 0.501914303 2.400998034 1.151213131 0.639710336 0.003007216 0.22130792 0.076306077 0.039305011 0.124740976 0.012568427 0.651779327 0.002436717 0.439894932 188.1684 0.024459184 0.157129358 0.009927114 26179.2 1296 8899.2 34560 19230.968 0.13324 44.08992
35721 729681 15.90029297 8.689391085 10.27615489 0.006605219 0.199766298 0.868143473 0.50486995 2.39300895 1.137911404 0.638333258 0.003022385 0.215080873 0.075874353 0.037551849 0.127435651 0.012451601 0.811602004 0.005439083 0.435806023 186.3036 0.024278388 0.159082949 0.009967066 22550.4 1296 8899.2 34560 19230.968 0.13072 41.77656
35722 729682 15.721416 8.681494923 10.25140947 0.006560461 0.201087944 0.869257189 0.508935943 2.382224874 1.124326976 0.636486722 0.003039409 0.207661461 0.075291908 0.035713812 0.131048964 0.012294948 1.02072941 0.009592092 0.430323168 184.4388 0.024124804 0.161040577 0.009991632 22550.4 1296 8899.2 34560 19230.968 0.12735 143.04276
35723 729683 15.53183857 8.671640841 10.22818926 0.006505462 0.202743442 0.870659809 0.514070794 2.368876944 1.110535304 0.634217673 0.003058066 0.199179245 0.074571418 0.033805079 0.135489053 0.01210245 1.274173587 0.014866724 0.423585761 182.574 0.024 0.163 0.01 22550.4 1296 8899.2 34560 19230.968 0.1232 121.95036
35724 729684 15.33266614 8.659962046 10.20628181 0.006441359 0.204713238 0.872338243 0.520233014 2.353196298 1.09661184 0.631573058 0.003078134 0.189763788 0.073725559 0.031839828 0.140664053 0.011878091 1.566946577 0.021233958 0.415733197 180.7344 0.023890348 0.165184438 0.009981323 26179.2 1296 8899.2 34560 19230.968 0.11836 29.16648
35725 729685 15.12500418 8.646591744 10.18547469 0.006369291 0.206977778 0.874279398 0.527381116 2.335414075 1.08263204 0.628599822 0.00309939 0.179544652 0.072767004 0.029832236 0.146482101 0.011625853 1.894060419 0.028664775 0.40690487 178.8948 0.023781341 0.167793256 0.009927114 26179.2 1296 8899.2 34560 19230.968 0.11292 137.942784
35726 729686 14.90995812 8.63166314 10.16555548 0.006290396 0.209517511 0.876470183 0.535473611 2.315761414 1.068671359 0.62534491 0.003121611 0.168651399 0.071708428 0.027796481 0.152851331 0.011349719 2.250527155 0.037130152 0.397240176 177.0804 0.023673231 0.170788426 0.009840106 30153.6 1296 8899.2 34560 19230.968 0.10697 160.43832
35727 729687 14.68863342 8.61530944 10.14631173 0.006205811 0.212312883 0.878897506 0.544469012 2.294469453 1.054805251 0.62185527 0.003144577 0.157213593 0.070562508 0.025746742 0.159679882 0.011053672 2.631358826 0.04660107 0.386878509 175.266 0.02356627 0.17413192 0.009723032 26179.2 1296 8899.2 34560 19230.968 0.10059 74.36772
35728 729688 14.46213554 8.597663851 10.12753101 0.006116674 0.215344341 0.881548276 0.55432583 2.271769332 1.041109171 0.618177846 0.003168063 0.145360795 0.069341916 0.023697197 0.166875888 0.010741693 3.031567473 0.057048507 0.375959263 173.4642 0.023460711 0.17778571 0.009578626 26179.2 1296 8899.2 34560 19230.968 0.09386 44.3394
35729 729689 14.23156994 8.578859577 10.1090009 0.006024124 0.218592332 0.884409401 0.565002577 2.247892188 1.027658573 0.614359585 0.003191849 0.133222567 0.06805933 0.021662023 0.174347485 0.010417767 3.446165137 0.068443444 0.364621833 171.675 0.023356806 0.181711767 0.009409621 22550.4 1296 8899.2 34560 19230.968 0.086876 94.49868522
35730 729690 13.99804205 8.559029824 10.09050895 0.005929298 0.222037302 0.88746779 0.576457765 2.22306916 1.014528913 0.610447432 0.003215711 0.120928472 0.066727422 0.019655398 0.182002811 0.010085875 3.870163858 0.080756859 0.353005614 169.8984 0.023254808 0.185872065 0.00921875 22550.4 1296 8899.2 34560 19230.968 0.079721 101.67444
35731 729691 13.76265735 8.5383078 10.07184274 0.005833333 0.225659698 0.890710351 0.588649905 2.197531388 1.001795644 0.606488333 0.003239428 0.108608073 0.065358869 0.017691501 0.18975 0.00975 4.298575679 0.093959732 0.34125 168.1344 0.023154967 0.190228574 0.009008746 16502.4 1296 8899.2 34560 19230.968 0.07248 119.07
35732 729692 13.52652127 8.516826708 10.05278983 0.005737369 0.229439968 0.894123993 0.60153751 2.17151001 0.989534222 0.602529235 0.003262776 0.096390931 0.063966345 0.015784508 0.197497189 0.009414125 4.726412639 0.108023041 0.329494386 166.3956 0.023057538 0.194743266 0.008782343 16502.4 1296 8899.2 34560 19230.968 0.065239 51.12072
35733 729693 13.29073928 8.494719756 10.03313778 0.005642543 0.233358559 0.897695624 0.615079092 2.145236164 0.9778201 0.598617082 0.003285535 0.084406608 0.062562525 0.0139486 0.205152515 0.009082233 5.148686781 0.122917768 0.317878167 164.6568 0.022962772 0.199378114 0.008542274 16502.4 1296 8899.2 34560 19230.968 0.058084 14.0616
35734 729694 13.05641683 8.472120149 10.01267417 0.005549992 0.237395916 0.901412152 0.629233162 2.11894099 0.966728735 0.59479882 0.00330748 0.072784668 0.061160084 0.012197952 0.212624112 0.008758307 5.560410144 0.13861489 0.306540737 162.9432 0.022870921 0.20409509 0.008291272 22550.4 1296 8899.2 34560 19230.968 0.0511 33.1128
35735 729695 12.82465937 8.449161093 9.991186562 0.005460856 0.241532488 0.905260487 0.643958232 2.092855625 0.95633558 0.591121397 0.003328391 0.061654673 0.059771697 0.010546744 0.219820118 0.008446328 5.95659477 0.155085387 0.295621491 161.2422 0.022782238 0.208856165 0.00803207 22550.4 1296 11145.6 34560 20534.4 0.044374 16.39764
35736 729696 12.59657235 8.425975793 9.968462522 0.005376271 0.24574872 0.909227536 0.659212815 2.067211209 0.94671609 0.587631756 0.003348045 0.051146184 0.058410039 0.009009153 0.226648669 0.008150281 6.3322527 0.172300239 0.285259824 159.5538 0.022696975 0.213623312 0.007767402 22550.4 1296 11145.6 34560 20534.4 0.037992 43.61364
35737 729697 12.37326123 8.402697456 9.944289616 0.005297375 0.25002506 0.913300208 0.674955421 2.04223888 0.937945719 0.584376845 0.003366219 0.041388765 0.057087784 0.007599357 0.233017899 0.007874147 6.682395975 0.190230424 0.27559513 157.878 0.022615385 0.218358502 0.0075 22550.4 1296 11145.6 34560 20534.4 0.032039 45.927
35738 729698 12.15583147 8.379459287 9.918455413 0.005225307 0.254341955 0.917465412 0.691144563 2.018169776 0.930099923 0.581403609 0.003382691 0.032511977 0.055817608 0.006331534 0.238835947 0.007621909 7.002036636 0.208846923 0.266766803 156.2274 0.022537719 0.223023707 0.007232598 30153.6 1296 11145.6 34560 20534.4 0.026601 56.90412
35739 729699 11.94538851 8.356394492 9.890747477 0.005161205 0.258679852 0.921710055 0.707738753 1.995235038 0.923254156 0.578758993 0.003397238 0.024645382 0.054612186 0.005219862 0.244010947 0.00739755 7.286186723 0.228120714 0.258914239 154.5894 0.02246423 0.2275809 0.00696793 45100.8 1296 11145.6 34560 20534.4 0.021764 51.7104
35740 729700 11.74303781 8.333636277 9.860953377 0.005106205 0.263019197 0.926021047 0.724696503 1.973665802 0.917483872 0.576489945 0.00340964 0.017918544 0.053484192 0.00427852 0.248451036 0.007205052 7.529858279 0.248022777 0.252176832 152.9766 0.02239517 0.231992051 0.006708728 53827.2 1296 11145.6 34560 20534.4 0.017614 43.59096
35741 729701 11.54988482 8.311317848 9.82886068 0.005061447 0.267340438 0.930385295 0.741976323 1.953693209 0.912864527 0.574643408 0.003419672 0.012461025 0.052446302 0.003521684 0.252064349 0.007048399 7.728063343 0.268524091 0.246693977 151.3764 0.022330792 0.236219134 0.006457726 107136 3110.4 21513.6 34560 20534.4 0.014237 17.55432
35742 729702 11.367035 8.28957241 9.794256951 0.005028069 0.27162402 0.934789709 0.759536728 1.935548396 0.909471574 0.573266331 0.003427114 0.008402386 0.05151119 0.002963534 0.254759024 0.006931573 7.875813958 0.289595635 0.242605068 149.7888 0.022271347 0.24022412 0.006217657 74044.8 5788.8 30844.8 34560 20534.4 0.011718 55.4526
35743 729703 11.1955938 8.26853317 9.756929757 0.005007207 0.275850392 0.939221197 0.777336227 1.919462502 0.907380469 0.572405657 0.003431741 0.00587219 0.050691531 0.002618246 0.256443195 0.006858557 7.968122163 0.31120839 0.240049499 148.2264 0.022217089 0.24396898 0.005991254 53827.2 3888 26697.6 34560 20534.4 0.010144 106.45992
35744 729704 11.03666667 8.248333333 9.716666667 0.005 0.28 0.943666667 0.795333333 1.905666667 0.906666667 0.572108333 0.003433333 0.005 0.05 0.0025 0.257025 0.006833333 8 0.333333333 0.239166667 146.6892 0.022168269 0.247415688 0.00578125 74044.8 3110.4 21513.6 34560 20534.4 0.0096 36.49212
35745 729705 10.88422332 8.22735574 9.662875136 0.005041234 0.284499363 0.948501249 0.817210401 1.893303937 0.906974467 0.572196165 0.003430228 0.005 0.049389248 0.002530053 0.256226673 0.006839344 7.97965154 0.360118703 0.239377035 145.1646 0.02212514 0.250526215 0.005590379 74044.8 2419.2 18921.6 34560 20534.4 0.0096281 40.39308
35746 729706 10.73178087 8.204105725 9.58672171 0.00515997 0.289727041 0.954070005 0.846151698 1.881350077 0.907875969 0.572455203 0.0034213 0.005 0.048802557 0.002616454 0.253928088 0.006856624 7.920973466 0.395353539 0.239981843 143.6652 0.022087954 0.253262532 0.005421374 53827.2 1814.4 16243.2 34560 20534.4 0.009711 39.84876
35747 729707 10.57976586 8.17890024 9.490632586 0.005348754 0.295591546 0.960314739 0.881368612 1.869785303 0.909338328 0.572878763 0.003407131 0.005 0.048238548 0.002753569 0.250273838 0.006884047 7.827516733 0.438470024 0.240941648 142.1784 0.022056963 0.255586613 0.005276968 63504 2419.2 18921.6 34560 20534.4 0.0098468 74.54916
35748 729708 10.42860483 8.152056233 9.377033963 0.005600134 0.302001387 0.967177254 0.922072528 1.85858983 0.911328696 0.57346016 0.003388305 0.005 0.047695846 0.002935763 0.245408514 0.006920486 7.7028323 0.488900342 0.242217005 140.7294 0.02203242 0.257460427 0.005159894 45100.8 1814.4 16243.2 34560 20534.4 0.010033 103.12596
35749 729709 10.27872433 8.123890656 9.248352038 0.005906658 0.308865077 0.974599356 0.967474831 1.847743872 0.913814227 0.57419271 0.003365402 0.005 0.047173072 0.0031574 0.239476711 0.006964813 7.550471124 0.546076674 0.24376847 139.2804 0.022014577 0.258845949 0.005072886 37238.4 1814.4 13564.8 34560 20534.4 0.010269 63.6174
35750 729710 10.1305509 8.094720458 9.10701301 0.006260873 0.316091125 0.982522847 1.016786908 1.837227644 0.916762074 0.575069728 0.003339006 0.005 0.046668848 0.003412847 0.232623021 0.007015903 7.37398416 0.609431204 0.245556599 137.8692 0.022003686 0.259705149 0.005018677 37238.4 1296 13564.8 34560 20534.4 0.010551 35.31276
35751 729711 9.984511098 8.064862589 8.955443076 0.006655328 0.323588042 0.990889533 1.069220144 1.827021361 0.920139392 0.576084529 0.003309698 0.005 0.046181796 0.003696469 0.224992035 0.007072627 7.176922367 0.678396116 0.247541948 136.4832 0.022 0.26 0.005 30153.6 1296 11145.6 34560 20534.4 0.010878 7.0308
35752 729712 9.841031462 8.034633998 8.796068435 0.007082571 0.331264339 0.999641218 1.123985924 1.817105239 0.923913334 0.57723043 0.003278062 0.005 0.04571054 0.00400263 0.216728349 0.007133859 6.962836701 0.752403592 0.249685074 135.1098 0.022118562 0.259991724 0.005 16502.4 1296 11145.6 34560 20534.4 0.011248 27.216
35753 729713 9.700538541 8.004351637 8.631315284 0.007535148 0.339028526 1.008719706 1.180295634 1.807459491 0.928051053 0.578500744 0.003244678 0.005 0.045253702 0.004325695 0.207976553 0.007198472 6.735278119 0.830885815 0.251946531 133.7742 0.022458698 0.259967191 0.005 16502.4 1296 11145.6 34560 20534.4 0.011658 24.4944
35754 729714 9.56345888 7.974332454 8.463609821 0.008005607 0.346789114 1.0180668 1.23736066 1.798064333 0.932519703 0.579888787 0.00321013 0.005 0.044809904 0.00466003 0.198881241 0.007265339 6.497797578 0.913274968 0.254286877 132.4512 0.022997085 0.259926843 0.005 16502.4 1296 11145.6 34560 20534.4 0.012108 24.71444426
35755 729715 9.430219026 7.9448934 8.295378244 0.008486497 0.354454614 1.027624306 1.294392388 1.78889998 0.937286437 0.581387876 0.003175 0.005 0.044377768 0.005 0.189587006 0.007333333 6.253946036 0.999003235 0.256666667 131.1534 0.023710398 0.259871122 0.005 16502.4 1296 11145.6 34560 20534.4 0.012594 37.46736
35756 729716 9.301245523 7.916351425 8.129046752 0.008970365 0.361933536 1.037334027 1.350602203 1.779946647 0.942318409 0.582991324 0.00313987 0.005 0.043955917 0.00533997 0.18023844 0.007401327 6.007274449 1.087502798 0.259046456 129.8934 0.024575316 0.25980047 0.005 16502.4 1296 11145.6 34560 20534.4 0.013114 34.85916
35757 729717 9.176964919 7.889023479 7.967041541 0.009449759 0.369134392 1.047137767 1.405201491 1.771184548 0.947582773 0.584692449 0.003105322 0.005 0.043542973 0.005674305 0.170980136 0.007468194 5.761333775 1.178205841 0.261386802 128.646 0.025568513 0.259715329 0.005 16502.4 1296 11145.6 34560 20534.4 0.013668 18.43884
35758 729718 9.057803759 7.863226511 7.811788811 0.009917226 0.375965691 1.056977331 1.457401638 1.762593898 0.953046681 0.586484564 0.003071938 0.005 0.043137559 0.00599737 0.161956687 0.007532807 5.51967497 1.270544546 0.263648259 127.4364 0.026666667 0.25961614 0.005 22550.4 1296 11145.6 34560 20534.4 0.014252 7.09884
35759 729719 8.944188589 7.839277472 7.665714758 0.010365314 0.382335944 1.066794523 1.506414028 1.754154913 0.958677289 0.588360985 0.003040302 0.005 0.042738296 0.006303531 0.153312685 0.00759404 5.285848991 1.363951097 0.265791385 126.2394 0.027846453 0.259503345 0.005 26179.2 1296 11145.6 34560 20534.4 0.014864 19.0512
35760 729720 8.836545956 7.817493312 7.531245581 0.010786571 0.388153662 1.076531147 1.551450049 1.745847807 0.964441748 0.590315028 0.003010994 0.005 0.042343809 0.006587153 0.145192724 0.007650764 5.063406796 1.457857676 0.267776734 125.0802 0.029084548 0.259377387 0.005 26179.2 1296 11145.6 34560 20534.4 0.015504 11.04516
35761 729721 8.735302405 7.798190981 7.410807478 0.011173545 0.393327356 1.086129008 1.591721086 1.737652795 0.970307214 0.592340008 0.002984598 0.005 0.041952718 0.0068426 0.137741396 0.007701853 4.855899341 1.551696467 0.269564864 123.9462 0.030357629 0.259238708 0.005 30153.6 1296 11145.6 34560 20534.4 0.016168 7.89264
35762 729722 8.640884482 7.781687427 7.306826647 0.011518783 0.397765536 1.095529909 1.626438523 1.729550092 0.976240838 0.59442924 0.002961695 0.005 0.041563646 0.007064237 0.131103294 0.007746181 4.666877583 1.644899652 0.271116329 122.84118 0.031642371 0.259087749 0.005 45100.8 1296 11145.6 34560 20534.4 0.016854 79.47072
35763 729723 8.553718735 7.768299603 7.221729286 0.011814833 0.401376714 1.104675654 1.654813748 1.721519912 0.982209775 0.59657604 0.002942869 0.005 0.041175216 0.007246431 0.125423011 0.00778262 4.49989248 1.736899415 0.272391685 121.76388 0.032915452 0.258924952 0.005 63504 2419.2 16243.2 34560 20534.4 0.017561 17.96256
35764 729724 8.474231708 7.758344457 7.157941592 0.012054243 0.404069398 1.113508048 1.676058145 1.713542472 0.988181179 0.598773723 0.0029287 0.005 0.04078605 0.007383546 0.120845139 0.007810043 4.358494988 1.827127938 0.27335149 120.71682 0.034153547 0.258750759 0.005 63504 3110.4 16243.2 34560 20534.4 0.018287 78.56352
35765 729725 8.402849948 7.752138939 7.117889764 0.012229561 0.405752101 1.121968896 1.689383101 1.705597985 0.994122203 0.601015605 0.002919772 0.005 0.040394771 0.007469947 0.117514271 0.007827323 4.246236065 1.915017406 0.273956299 119.7 0.035333333 0.258565613 0.005 74044.8 3110.4 21513.6 34560 21154.065 0.01903 79.38
35766 729726 8.34 7.75 7.104 0.012333333 0.406333333 1.13 1.694 1.697666667 1 0.603295 0.002916667 0.005 0.04 0.0075 0.115575 0.007833333 4.166666667 2 0.274166667 118.70586 0.036431487 0.258369954 0.005 63504 2419.2 18921.6 34560 21154.065 0.019787 76.13676
