date t temp ph ox ortp nh4 no silica cod bod phyto chla chlor dyno chrys crip daph eudi cyc daph_lit light ortp_krivica ortp_misca ortp_radovna q_jezernica q_krivica q_misca q_radovna q_natega diat light_m
35856 729816 5.3995 7.823666667 11.17333333 0.015 0.01 1.756666667 1.069666667 1.123333333 2.21 3.736155 0.008849667 0 0.01 0 6.73E-02 0.001 1.33E+00 10.83333333 0.035 161.9604 0.028644082 0.152441489 0.013 42422.4 1814.4 13737.6 34560 16243.2 3.2086 101.92392
35857 729817 5.402351947 7.825995794 11.19652245 0.015 0.010001761 1.756249462 1.058012251 1.124846803 2.209952983 3.763499693 0.008954976 3.20E-05 0.010072578 0 0.066467254 0.001002469 1.359358601 11.08639589 0.035086404 163.674 0.028814366 0.153864525 0.014702624 42422.4 1296 11318.4 34560 16243.2 3.2288 152.88588
35858 729818 5.410778315 7.829483952 11.21992068 0.015 0.01000703 1.755030251 1.044981262 1.12926966 2.209813622 3.791623223 0.009074358 0.000125637 0.010285294 0 6.56E-02 0.001009824 1.435413022 11.44641143 0.035343856 165.4128 0.028996657 0.155258901 0.016335277 42422.4 1814.4 11318.4 34560 16243.2 3.2493 196.36344
35859 729819 5.424584894 7.834066746 11.24347541 0.015 0.010015783 1.75305764 1.030658697 1.136425578 2.209584452 3.820431767 0.009206789 0.000277085 0.010630624 0 0.064632933 0.001021992 1.558464529 11.90655629 0.035769711 167.1642 0.029188434 0.156573165 0.017827988 53308.8 2419.2 11318.4 34560 16243.2 3.2699 153.40752
35860 729820 5.443577477 7.839679778 11.26713401 0.015 0.010027998 1.750380237 1.015129551 1.146138231 2.209268008 3.8498315 0.009351249 0.000482643 0.01110104 0 0.06361644 0.001038895 1.72548105 12.4600068 0.036361327 168.9408 0.029387177 0.157755862 0.019110787 61862.4 1814.4 13737.6 34560 16243.2 3.2907 220.97124
35861 729821 5.467561853 7.846258651 11.29084388 0.015 0.010043653 1.747046647 0.99847882 1.158231293 2.208866824 3.879728599 0.009506714 0.000738581 0.011689018 0 0.062540449 0.001060459 1.933430515 13.09993929 0.037116062 170.7174 0.029590366 0.158755536 0.020113703 61862.4 1296 13737.6 34560 16243.2 3.3116 191.624832
35862 729822 5.496343813 7.853738969 11.31455239 0.015 0.010062724 1.743105477 0.980791501 1.172528435 2.208383436 3.91002924 0.009672162 0.001041166 0.012387032 0 0.061410001 0.001086608 2.179280855 13.81953011 0.038031273 172.5066 0.029795481 0.159520734 0.020766764 41385.6 1296 11318.4 34560 16243.2 3.3326 158.28372
35863 729823 5.529729149 7.862056335 11.33820694 0.015 0.010085189 1.738605333 0.962152588 1.188853333 2.207820377 3.940639598 0.00984657 0.001386667 0.013187556 0 0.060230136 0.001117266 2.46 14.61195559 0.039104317 174.321 0.03 0.16 0.021 41385.6 1296 11318.4 34560 16243.2 3.3535 51.50628
35864 729824 5.567523652 7.871146352 11.36175489 0.015 0.010111025 1.733594822 0.942647079 1.20702966 2.207180184 3.97146585 0.010028916 0.001771351 0.014083063 0 0.059005898 0.001152359 2.772555879 15.47039207 0.04033255 176.1354 0.030220573 0.160307649 0.020989711 33264 1296 11318.4 34560 16243.2 3.3744 60.7824
35865 729825 5.609533111 7.880944624 11.38514365 0.015 0.01014021 1.72812255 0.92235997 1.226881088 2.20646539 4.002414173 0.010218177 0.002191487 0.015066029 0 0.057742326 0.001191809 3.113916424 16.38801588 0.041713331 177.9624 0.030474417 0.160593128 0.020959491 25920 1296 11318.4 34560 16243.2 3.3953 123.56064
35866 729826 5.655563319 7.891386753 11.40832058 0.015 0.010172721 1.722237123 0.901376255 1.248231293 2.20567853 4.033390741 0.010413331 0.002643343 0.016128928 0 0.056444464 0.001235543 3.481049563 17.35800336 0.043244017 179.8146 0.030759865 0.160857682 0.02091031 25920 1296 11318.4 34560 16243.2 3.4159 167.35572
35867 729827 5.705420066 7.902408344 11.43123308 0.015 0.010208535 1.715987149 0.879780931 1.270903946 2.20482214 4.064301732 0.010613356 0.003123188 0.017264233 0 0.055117353 0.001283485 3.870923226 18.37353085 0.044921964 181.6668 0.031075251 0.161102557 0.020843138 25920 1296 11318.4 34560 16243.2 3.4364 148.2680348
35868 729828 5.758909142 7.913944999 11.45382853 0.015 0.010247629 1.709421232 0.857658994 1.294722721 2.203898754 4.095053321 0.010817228 0.003627289 0.01846442 0 0.053766033 0.001335558 4.280505345 19.42777468 0.046744531 183.519 0.031418907 0.161328998 0.020758946 25920 1296 11318.4 34560 16243.2 3.4566 203.71176
35869 729829 5.815836339 7.925932322 11.47605431 0.015 0.010289981 1.702587981 0.835095441 1.319511293 2.202910906 4.125551684 0.011023927 0.004151914 0.019721962 0 0.052395548 0.001391688 4.706763848 20.51391119 0.048709074 185.3964 0.031789166 0.161538251 0.020658704 25920 1296 11318.4 34560 16243.2 3.4766 120.56688
35870 729830 5.876007448 7.938305915 11.4978578 0.015 0.010335568 1.695536 0.812175266 1.345093333 2.201861132 4.155702998 0.011232428 0.004693333 0.021029333 0 0.051010938 0.001451799 5.146666667 21.62511671 0.05081295 187.2738 0.032184363 0.16173156 0.020543381 25920 1296 11318.4 34560 16243.2 3.4962 161.05068
35871 729831 5.93922826 7.951001383 11.5191864 0.015 0.010384367 1.688313897 0.788983466 1.371292517 2.200751967 4.185413438 0.011441709 0.005247813 0.022379009 0 0.049617245 0.001515815 5.59718173 22.75456758 0.053053516 189.1638 0.032602829 0.161910171 0.020413948 25920 1296 11318.4 34560 16243.2 3.5154 134.946
35872 729832 6.005304565 7.963954328 11.53998748 0.015 0.010436356 1.680970278 0.765605037 1.397932517 2.199585944 4.214589181 0.011650749 0.005811623 0.023763462 0 0.04821951 0.001583661 6.055276968 23.89544014 0.055428131 191.0664 0.033042898 0.16207533 0.020271375 25920 1296 11318.4 34560 16243.2 3.5341 263.90448
35873 729833 6.074042154 7.977100353 11.56020842 0.015 0.010491512 1.673553749 0.742124975 1.424837007 2.1983656 4.243136403 0.011858525 0.00638103 0.025175168 0 0.046822775 0.001655261 6.517920311 25.04091073 0.057934151 192.969 0.033502904 0.162228282 0.020116632 25920 1296 11318.4 34560 16243.2 3.5524 254.28816
35874 729834 6.145246819 7.990375063 11.57979662 0.015 0.010549812 1.666112917 0.718628276 1.45182966 2.197093468 4.270961279 0.012064014 0.006952303 0.026606601 0 0.045432083 0.001730541 6.982079689 26.18415567 0.060568933 194.8842 0.033981179 0.162370271 0.01995069 22636.8 1296 11318.4 34560 16243.2 3.5701 134.31744
35875 729835 6.218724349 8.00371406 11.59869944 0.015 0.010611234 1.658696389 0.695199936 1.47873415 2.195772084 4.297969987 0.012266193 0.00752171 0.028050234 0 0.044052473 0.001809424 7.444723032 27.31835131 0.063329834 196.812 0.034476056 0.162502545 0.019774518 22636.8 1296 11318.4 34560 16243.2 3.5872 25.03872
35876 729836 6.294280537 8.017052947 11.61686429 0.015 0.010675754 1.65135277 0.671924951 1.50537415 2.194403983 4.324068701 0.012464041 0.00808552 0.029498542 0 0.042688989 0.001891835 7.90281827 28.43667399 0.066214212 198.7398 0.034985869 0.162626346 0.019589087 22636.8 1296 11318.4 34560 16243.2 3.6036 344.41344
35877 729837 6.371721173 8.030327328 11.63423854 0.015 0.010743351 1.644130667 0.648888316 1.531573333 2.192991698 4.349163599 0.012656534 0.00864 0.030944 0 0.041346671 0.001977698 8.353333333 29.53230003 0.069219424 200.6676 0.03550895 0.162742922 0.019395367 22636.8 1296 11318.4 34560 16243.2 3.6194 242.76672
35878 729838 6.450852047 8.043472806 11.65076957 0.015 0.010814002 1.637078686 0.626175028 1.557155374 2.191537766 4.373160855 0.012842651 0.009181419 0.032379081 0 0.040030561 0.002066938 8.793236152 30.59840578 0.072342828 202.608 0.036043634 0.162853518 0.019194328 22636.8 1296 11318.4 34560 16243.2 3.6344 232.509312
35879 729839 6.531478951 8.056424984 11.66640477 0.015 0.010887683 1.630245434 0.603870083 1.581943946 2.19004472 4.395966647 0.013021368 0.009706045 0.03379626 0 0.038745701 0.002159479 9.219494655 31.62816756 0.075581779 204.5484 0.036588252 0.162959378 0.01898694 22636.8 1296 11318.4 34560 16243.2 3.6486 248.84496
35880 729840 6.613407676 8.069119466 11.68109152 0.015 0.010964372 1.623679518 0.582058476 1.605762721 2.188515095 4.417487151 0.013191664 0.010210146 0.035188012 0 0.037497133 0.002255247 9.629076774 32.61476173 0.078933637 206.5014 0.037141139 0.163061748 0.018774174 19526.4 1296 11318.4 34560 16243.2 3.662 256.2327235
35881 729841 6.696444012 8.081491855 11.69477721 0.015 0.011044047 1.617429543 0.560825204 1.628435374 2.186951427 4.437628541 0.013352516 0.01068999 0.036546809 0 0.036289897 0.002354164 10.01895044 33.55136461 0.082395757 208.4544 0.037700627 0.163161874 0.018556999 19526.4 1296 11318.4 34560 16243.2 3.6744 139.00572
35882 729842 6.78039375 8.093477753 11.70740922 0.015 0.011126684 1.611544117 0.540255262 1.649785578 2.185356251 4.456296996 0.013502901 0.011141846 0.037865127 0 0.035129036 0.002456157 10.38608358 34.43115254 0.085965497 210.4074 0.038265049 0.163261 0.018336386 19526.4 1296 11318.4 34560 16243.2 3.6859 71.73684
35883 729843 6.865062682 8.105012765 11.71893493 0.015 0.011212262 1.606071845 0.520433647 1.669637007 2.1837321 4.47339869 0.013641798 0.011561983 0.03913544 0 0.03401959 0.002561149 10.72744412 35.24730186 0.089640214 212.373 0.038832739 0.163360373 0.018113305 19526.4 1296 8899.2 34560 16243.2 3.6965 20.93364
35884 729844 6.950256598 8.116032494 11.72930173 0.015 0.011300757 1.601061333 0.501445355 1.687813333 2.182081509 4.4888398 0.013768182 0.011946667 0.040350222 0 0.032966603 0.002669065 11.04 35.9929889 0.093417266 214.326 0.039402029 0.163461237 0.017888726 19526.4 1296 11318.4 34560 16243.2 3.7059 32.68286609
35885 729845 7.035781289 8.126472542 11.738457 0.015 0.011392146 1.59656119 0.483375381 1.704138231 2.180407015 4.502526501 0.013881033 0.012292167 0.041501948 0 0.031975115 0.002779829 11.32071914 36.66139 0.09729401 216.2916 0.039971253 0.163564838 0.017663619 19526.4 1296 8899.2 34560 16243.2 3.7143 94.902192
35886 729846 7.121442546 8.136268514 11.74634813 0.015 0.011486408 1.592620019 0.466308722 1.718435374 2.17871115 4.514364971 0.013979328 0.012594752 0.04258309 0 0.031050168 0.002893366 11.56656948 37.24568149 0.101267802 218.2572 0.040538744 0.16367242 0.017438955 19526.4 1296 8899.2 34560 16243.2 3.7215 206.97768
35887 729847 7.207046159 8.145356012 11.75292249 0.015 0.011583518 1.58928643 0.450330373 1.730528435 2.176996451 4.524261384 0.014062043 0.01285069 0.043586125 0 0.030196803 0.0030096 11.77451895 37.73903972 0.105336001 220.2228 0.041102836 0.163785231 0.017215703 19526.4 1296 6566.4 34560 16243.2 3.7275 164.29392
35888 729848 7.292397921 8.15367064 11.75812748 0.015 0.011683456 1.586609026 0.43552533 1.740241088 2.175265451 4.532121918 0.014128157 0.013056249 0.044503526 0 0.029420062 0.003128456 11.94153547 38.13464101 0.109495962 222.1884 0.04166186 0.163904514 0.016994834 25920 1296 6566.4 34560 16243.2 3.7323 66.06684
35889 729849 7.377303621 8.161148 11.76191047 0.015 0.011786197 1.584636416 0.42197859 1.747397007 2.173520687 4.537852747 0.014176647 0.013207697 0.045327767 0 0.028724987 0.003249858 12.06458698 38.42566171 0.113745045 224.154 0.042214151 0.164031515 0.016777317 33264 1296 6566.4 34560 16243.2 3.7358 126.3517277
35890 729850 7.46156905 8.167723697 11.76421885 0.015 0.011891719 1.583417205 0.409775148 1.751819864 2.171764691 4.54136005 0.014206491 0.013301302 0.046051322 0 0.028116619 0.003373732 12.1406414 38.60527815 0.118080605 226.1196 0.042758042 0.16416748 0.016564124 50457.6 1296 6566.4 34560 16243.2 3.7379 180.71424
35891 729851 7.545 8.173333333 11.765 0.015 0.012 1.583 0.399 1.753333333 2.17 4.54255 0.014216667 0.013333333 0.046666667 0 0.0276 0.0035 12.16666667 38.66666667 0.1225 228.0852 0.043291865 0.164313654 0.016356224 70156.8 1814.4 11318.4 34560 16243.2 3.7386 120.06792
35892 729852 7.630388824 8.178294395 11.76181291 0.015 0.012217187 1.583069668 0.388961082 1.752284315 2.168003083 4.533756983 0.014190834 0.013331331 0.047204798 0.001179396 0.027132493 0.003669911 12.1418309 38.57938192 0.128446878 230.0508 0.043813953 0.164471282 0.016154588 70156.8 1814.4 11318.4 34560 16243.2 3.73 73.80072
35893 729853 7.720522539 8.182978614 11.75249916 0.015 0.012640967 1.583273259 0.378921283 1.749218737 2.165568449 4.508060885 0.014115342 0.013325481 0.047703557 0.004629731 0.026668498 0.003921321 12.06920505 38.32430709 0.137246248 232.0038 0.044322641 0.164641609 0.015960185 70156.8 1814.4 13737.6 34560 16243.2 3.7049 210.924
35894 729854 7.815198933 8.187402963 11.73743009 0.015 0.013258632 1.583602659 0.368898029 1.744258814 2.162725686 4.466486135 0.0139932 0.013316016 0.048165682 0.010219227 0.026208615 0.004249072 11.95161127 37.91161127 0.148717507 233.9694 0.044816261 0.164825881 0.015773985 70156.8 1814.4 13737.6 34560 16243.2 3.6644 154.2162791
35895 729855 7.914215792 8.191584415 11.71697699 0.015 0.014057469 1.584049749 0.358908745 1.737526764 2.159504385 4.410057163 0.013827418 0.013303168 0.048593913 0.017816106 0.025753444 0.004648002 11.79187172 37.35146356 0.162680054 235.9224 0.045293146 0.165025343 0.01559696 61084.8 1814.4 13737.6 34560 16243.2 3.6092 83.28096
35896 729856 8.017370902 8.195539941 11.69151118 0.015 0.015024768 1.584606414 0.348970858 1.729144801 2.155934136 4.339798397 0.013621006 0.013287172 0.048990988 0.02728859 0.025303584 0.005112951 11.59280855 36.65403304 0.178953286 237.8754 0.045751629 0.165241241 0.015430078 61084.8 1814.4 13737.6 34560 16243.2 3.5406 52.30008
35897 729857 8.124462051 8.199286513 11.66140397 0.015 0.016147819 1.585264536 0.339101794 1.719235141 2.152044531 4.256734266 0.013376973 0.01326826 0.049359645 0.038504901 0.024859634 0.00563876 11.35724393 35.82948882 0.197356603 239.8158 0.046190044 0.165474819 0.015274311 61084.8 1814.4 16243.2 34560 16243.2 3.4594 97.02504
35898 729858 8.235287025 8.202841106 11.62702667 0.015 0.01741391 1.586016 0.329318978 1.70792 2.147865157 4.1618892 0.013098329 0.013246667 0.049702625 0.051333261 0.024422193 0.006220269 11.088 34.888 0.2177094 241.7688 0.046606723 0.165727324 0.015130628 50457.6 1814.4 18748.8 34560 16243.2 3.3667 188.33472
35899 729859 8.34964361 8.206220689 11.58875059 0.015 0.018810331 1.586852688 0.319639837 1.695321594 2.143425607 4.056287628 0.012788083 0.013222624 0.050022664 0.065641892 0.023991861 0.006852317 10.78789893 33.83973567 0.239831078 243.7092 0.047 0.166 0.015 50457.6 1814.4 18748.8 34560 16243.2 3.2635 298.26468
35900 729860 8.467329595 8.209442237 11.54694706 0.015 0.020324371 1.587766484 0.310081797 1.681562138 2.138755469 3.940953979 0.012449246 0.013196365 0.050322503 0.081299015 0.023569237 0.007529744 10.45976288 32.69486492 0.263541034 245.637 0.047385484 0.166345024 0.014878818 50457.6 2419.2 13737.6 34560 16243.2 3.1506 293.11632
35901 729861 8.588142764 8.212522722 11.50198737 0.015 0.021943319 1.588749271 0.300662284 1.666763848 2.133884335 3.816912682 0.012084827 0.013168124 0.05060488 0.098172852 0.023154921 0.00824739 10.10641399 31.46355685 0.288658665 247.5648 0.047779292 0.166809425 0.014762632 70156.8 3110.4 28425.6 34560 16243.2 3.0292 151.79724
35902 729862 8.711880906 8.215479115 11.45424284 0.015 0.023654465 1.589792933 0.291398723 1.651048941 2.128841795 3.685188167 0.011697835 0.013138134 0.050872533 0.116131626 0.022749512 0.009000096 9.730674441 30.15598056 0.31500337 249.4926 0.048180522 0.167386727 0.014651149 70156.8 2419.2 21513.6 34560 16243.2 2.9002 142.9129532
35903 729863 8.838341806 8.218328389 11.40408478 0.015 0.025445098 1.590889353 0.282308541 1.634539631 2.123657438 3.546804862 0.011291281 0.013106628 0.051128202 0.135043558 0.022353608 0.009782701 9.335366375 28.78230515 0.342394547 251.4078 0.04858827 0.168070454 0.014544075 61084.8 3110.4 16243.2 34560 16243.2 2.7646 230.9958
35904 729864 8.967323251 8.221087517 11.35188451 0.015 0.027302507 1.592030414 0.273409164 1.617358134 2.118360854 3.402787197 0.010868174 0.013073839 0.051374625 0.15477687 0.02196781 0.010590046 8.923311953 27.35269971 0.370651594 253.3104 0.049001632 0.16885413 0.014441116 61084.8 2419.2 16243.2 34560 16243.2 2.6234 253.35828
35905 729865 9.098623029 8.22377347 11.29801333 0.015 0.029213982 1.593208 0.264718017 1.599626667 2.112981635 3.2541596 0.010431523 0.01304 0.05161454 0.175199783 0.021592717 0.011416969 8.497333333 25.87733333 0.399593909 255.213 0.049419705 0.169731278 0.014341979 61084.8 2419.2 13564.8 34560 16243.2 2.4776 277.35372
35906 729866 9.232038925 8.226403222 11.24284257 0.015 0.031166811 1.594413994 0.256252527 1.581467444 2.10754937 3.101946501 0.009984338 0.013005345 0.051850688 0.196180521 0.021228928 0.012258311 8.060252672 24.36637512 0.42904089 257.103 0.049841585 0.170695422 0.014246371 61084.8 1814.4 13564.8 34560 16243.2 2.3282 267.69204
35907 729867 9.367368727 8.228993745 11.18674352 0.015 0.033148284 1.59564028 0.24803012 1.563002682 2.102093649 2.94717233 0.009529629 0.012970107 0.052085806 0.217587305 0.020877043 0.013108912 7.614892128 22.82999417 0.458811935 258.993 0.050266369 0.171740087 0.014153998 61084.8 1814.4 13564.8 34560 16243.2 2.1762 144.31284
35908 729868 9.504410221 8.23156201 11.1300875 0.015 0.03514569 1.596878741 0.240068221 1.544354597 2.096644063 2.790861515 0.009070406 0.012934519 0.052322634 0.239288356 0.02053766 0.013963613 7.164073858 21.27835957 0.488726442 260.8704 0.050693153 0.172858797 0.014064567 45792 3110.4 11145.6 34560 16243.2 2.0225 134.1522
35909 729869 9.642961194 8.234124991 11.07324583 0.015 0.037146319 1.598121259 0.232384257 1.525645403 2.091230202 2.634038485 0.008609678 0.012898814 0.052563909 0.261151897 0.02021138 0.014817252 6.710620019 19.72164043 0.518603809 262.7352 0.051121034 0.174045074 0.013977785 41385.6 2419.2 11145.6 34560 16243.2 1.8681 189.55944
35910 729870 9.782819432 8.23669966 11.01658982 0.015 0.03913746 1.59935972 0.224995654 1.506997318 2.085881655 2.47772767 0.008150454 0.012863226 0.052812371 0.283046149 0.019898801 0.01566467 6.25735277 18.17000583 0.548263434 264.5874 0.051549109 0.175292444 0.013893357 41385.6 1814.4 11145.6 34560 16243.2 1.7141 174.7503861
35911 729871 9.923782723 8.239302988 10.96049077 0.015 0.041106401 1.600586006 0.217919838 1.488532556 2.080628014 2.322953499 0.007695745 0.012827988 0.053070759 0.304839335 0.019600523 0.016500706 5.807094266 16.63362488 0.577524715 266.427 0.051976473 0.17659443 0.01381099 41385.6 1814.4 11145.6 34560 16243.2 1.5615 225.46188
35912 729872 10.06564885 8.241951949 10.90532 0.015 0.043040432 1.601792 0.211174234 1.470373333 2.075498868 2.1707404 0.007248561 0.012793333 0.053341811 0.326399675 0.019317145 0.017320201 5.362666667 15.12266667 0.60620705 268.254 0.052402224 0.177944556 0.013730392 41385.6 1814.4 13564.8 34560 16243.2 1.4111 297.24408
35913 729873 10.20821561 8.244663515 10.85144882 0.015 0.044926843 1.602969586 0.204776268 1.452641866 2.070523807 2.022112803 0.00681191 0.012759495 0.053628266 0.347595393 0.019049266 0.018117995 4.926892128 13.64730029 0.634129838 270.081 0.052825458 0.179336346 0.013651268 41385.6 1814.4 21513.6 34560 16243.2 1.2641 103.96512
35914 729874 10.35128078 8.247454658 10.79924855 0.015 0.046752923 1.604110647 0.198743368 1.435460369 2.065732422 1.878095138 0.006388802 0.012726706 0.053932863 0.36829471 0.018797487 0.018888928 4.502592809 12.21769485 0.661112476 271.8954 0.053245272 0.180763323 0.013573325 80179.2 2505.6 18921.6 34560 16243.2 1.1214 328.0350809
35915 729875 10.49464214 8.250342351 10.7490905 0.015 0.048505961 1.605207067 0.193092958 1.418951059 2.061154303 1.739711833 0.005982248 0.012695199 0.05425834 0.388365847 0.018562405 0.019627839 4.092590865 10.84401944 0.686974362 273.6846 0.053660761 0.182219013 0.01349627 61084.8 1382.4 16243.2 34560 16243.2 0.98392 278.3907268
35916 729876 10.6380975 8.253343565 10.70134597 0.015 0.050173246 1.606250729 0.187842465 1.403236152 2.05681904 1.607987318 0.005595256 0.012665209 0.054607437 0.407677028 0.018344621 0.020329568 3.699708455 9.536443149 0.711534895 275.4738 0.054071023 0.183696938 0.013419809 61084.8 950.4 16243.2 34560 22291.2 0.85278 209.26836
35917 729877 10.78144462 8.256475274 10.65638628 0.015 0.051742068 1.607233516 0.183009314 1.388437862 2.052756223 1.483946021 0.005230837 0.012636968 0.054982892 0.426096473 0.018144734 0.020988956 3.326767736 8.305135083 0.734613471 277.2378 0.054475154 0.185190622 0.013343648 50457.6 950.4 16243.2 34560 22291.2 0.72891 345.16692
35918 729878 10.92448131 8.259754449 10.61458274 0.015 0.053199715 1.608147312 0.178610932 1.374678406 2.048995443 1.368612372 0.004892 0.012610709 0.055387444 0.443492405 0.017963344 0.021600843 2.976590865 7.160264334 0.756029491 278.9892 0.05487225 0.18669359 0.013267495 50457.6 950.4 16243.2 34560 22291.2 0.61331 338.29488
35919 729879 11.06700534 8.263198063 10.57630667 0.015 0.054533477 1.608984 0.174664745 1.36208 2.045566289 1.2630108 0.004581755 0.012586667 0.055823832 0.459733045 0.017801048 0.022160067 2.652 6.112 0.77560235 280.7406 0.055261409 0.188199366 0.013191055 50457.6 950.4 16243.2 34560 22291.2 0.50696 343.30716
35920 729880 11.20881451 8.266823089 10.54192937 0.015 0.055730644 1.609735464 0.171188178 1.350764859 2.042498352 1.168165734 0.004303111 0.012565073 0.056294794 0.474686615 0.017658448 0.02266147 2.355817298 5.170511176 0.793151448 282.4668 0.055641726 0.189701472 0.013114036 41385.6 950.4 16243.2 34560 22291.2 0.41087 333.4481157
35921 729881 11.34970659 8.270646498 10.51182216 0.015 0.056778504 1.610393586 0.168198658 1.340855199 2.039821222 1.085101603 0.004059078 0.012546161 0.056803069 0.488221338 0.017536142 0.023099891 2.090864917 4.345966958 0.808496183 284.1678 0.056012298 0.191193434 0.013036144 41385.6 950.4 16243.2 34560 22291.2 0.32602 298.33272
35922 729882 11.48947938 8.274685264 10.48635635 0.015 0.057664348 1.610950251 0.16571361 1.332473236 2.037564489 1.014842837 0.003852666 0.012530165 0.057351396 0.500205434 0.017434729 0.02347017 1.859965015 3.648536443 0.821455952 285.8688 0.056372222 0.192668775 0.012957085 41385.6 950.4 18921.6 34560 22291.2 0.25339 296.06472
35923 729883 11.62793066 8.278956357 10.46590325 0.015 0.058375463 1.611397341 0.163750461 1.325741186 2.035757744 0.958413865 0.003686884 0.012517318 0.057942514 0.510507127 0.017354809 0.023767147 1.665939747 3.088388727 0.831850153 287.5446 0.056720593 0.194121019 0.012876566 41385.6 950.4 18921.6 34560 22291.2 0.19398 207.77148
35924 729884 11.76485822 8.283476752 10.45083417 0.015 0.058899139 1.611726741 0.162326637 1.320781263 2.034430576 0.916839115 0.003564742 0.012507852 0.058579162 0.518994638 0.017296981 0.023985662 1.511611273 2.675692906 0.839498185 289.2078 0.05705651 0.19554369 0.012794294 33264 950.4 18921.6 34560 22291.2 0.14879 297.26676
35925 729885 11.90005985 8.28826342 10.44152043 0.015 0.059222666 1.611930332 0.161459564 1.317715685 2.033612576 0.891143017 0.00348925 0.012502002 0.059264077 0.525536188 0.017261845 0.024120556 1.399801749 2.420618076 0.844219446 290.8458 0.057379067 0.196930312 0.012709974 33264 950.4 16243.2 34560 22291.2 0.1188 302.82336
35926 729886 12.03333333 8.293333333 10.43833333 0.015 0.059333333 1.612 0.161166667 1.316666667 2.033333333 0.88235 0.003463417 0.0125 0.06 0.53 0.01725 0.024166667 1.333333333 2.333333333 0.845833333 292.4712 0.057687363 0.198274408 0.012623314 33264 950.4 16243.2 34560 22291.2 0.105 236.0988
35927 729887 12.16771097 8.299242895 10.44780886 0.015 0.059149052 1.61165426 0.162076865 1.31828531 2.033582362 0.883346301 0.003468306 0.012577118 0.061691053 0.533349276 0.017345942 0.02408511 1.290992468 2.336446186 0.842978848 294.084 0.057980492 0.199569503 0.012534021 33264 950.4 18921.6 34560 22291.2 0.09975 177.40296
35928 729888 12.30606436 8.306460554 10.47531098 0.015 0.058614189 1.610638468 0.164718659 1.322986173 2.034305151 0.886241934 0.003482497 0.012806085 0.065155232 0.536632278 0.017628028 0.023848397 1.249708455 2.34548105 0.834693878 295.6716 0.058257552 0.200809121 0.0124418 33264 950.4 18921.6 34560 22291.2 0.094741 91.42259745
35929 729889 12.44795026 8.314871356 10.51945305 0.015 0.057755709 1.608984765 0.16895885 1.330536659 2.035465258 0.890896995 0.003505274 0.013183324 0.070266084 0.539844815 0.018087651 0.023468461 1.209517736 2.359982386 0.821396152 297.234 0.05851764 0.201986785 0.012346358 50457.6 950.4 18921.6 34560 22291.2 0.089965 290.37204
35930 729890 12.59292543 8.324360344 10.5788484 0.015 0.056600583 1.606725291 0.174664237 1.34070417 2.037026239 0.897171578 0.003535922 0.013705253 0.076897158 0.542982697 0.018716204 0.02295724 1.170456754 2.379494655 0.803503401 298.7838 0.058759851 0.20309602 0.012247402 41385.6 950.4 18921.6 34560 22291.2 0.085415 278.78256
35931 729891 12.74054662 8.334812562 10.65211036 0.015 0.055175777 1.603892188 0.181701622 1.353256108 2.038951652 0.904925781 0.003573725 0.014368296 0.084922001 0.546041732 0.019505077 0.022326667 1.132561953 2.403562318 0.781433355 300.321 0.058983282 0.204130349 0.012144638 33264 950.4 21513.6 34560 22291.2 0.081084 229.9752
35932 729892 12.89037058 8.346113055 10.73785228 0.015 0.05350826 1.600517596 0.189937804 1.367959875 2.041205053 0.914019697 0.003617968 0.015168871 0.094214161 0.549017731 0.020445665 0.021588678 1.095869776 2.431729835 0.755603741 301.8204 0.05918703 0.205083296 0.012037773 33264 1382.4 21513.6 34560 22291.2 0.076964 288.2579745
35933 729893 13.04195407 8.358146867 10.8346875 0.015 0.051625 1.596633657 0.199239583 1.384582874 2.04375 0.924313422 0.003667935 0.0161034 0.104647185 0.551906504 0.021529358 0.020755208 1.060416667 2.463541667 0.726432292 303.3072 0.059370192 0.205948386 0.011926514 41385.6 1382.4 21513.6 34560 22291.2 0.073049 92.99765106
35934 729894 13.19485383 8.370799041 10.94122935 0.015 0.049552964 1.592272512 0.209473761 1.402892507 2.046550049 0.935667053 0.00372291 0.017168305 0.116094621 0.554703859 0.022747549 0.019838192 1.026239067 2.498542274 0.694336735 304.7688 0.059531863 0.206719141 0.011810567 41385.6 1382.4 24105.6 34560 22291.2 0.06933 101.8332
35935 729895 13.34862662 8.383954622 11.05609117 0.015 0.047319121 1.5874663 0.220507137 1.422656176 2.049568756 0.947940684 0.003782179 0.018360006 0.128430017 0.557405606 0.024091631 0.018849566 0.993373421 2.536276118 0.6597348 306.2178 0.05967114 0.207389087 0.011689638 41385.6 950.4 21513.6 34560 22291.2 0.0658 340.3134
35936 729896 13.50282919 8.397498655 11.1778863 0.015 0.044950437 1.582247165 0.232206511 1.443641282 2.052769679 0.96099441 0.003845025 0.019674923 0.141526921 0.560007555 0.025552995 0.017801263 0.961856171 2.576287658 0.623044218 307.6416 0.05978712 0.207951746 0.011563434 33264 950.4 18921.6 34560 22291.2 0.062453 343.53396
35937 729897 13.6570183 8.411316183 11.30522807 0.015 0.042473882 1.576647246 0.244438684 1.465615229 2.056116375 0.974688328 0.003910733 0.021109478 0.15525888 0.562505515 0.027123034 0.01670522 0.931723761 2.618121356 0.584682717 309.0276 0.0598789 0.208400643 0.011431662 33264 950.4 18921.6 34560 22291.2 0.059281 277.2789243
35938 729898 13.8107507 8.425292249 11.43672983 0.015 0.039916424 1.570698684 0.257070457 1.488345419 2.0595724 0.988882532 0.003978588 0.022660092 0.169499441 0.564895296 0.028793139 0.015573372 0.903012634 2.661321672 0.545068027 310.401 0.059945575 0.208729302 0.011294028 33264 950.4 18921.6 34560 22291.2 0.056276 143.08812
35939 729899 13.96358314 8.4393119 11.57100492 0.015 0.037305029 1.564433621 0.269968629 1.511599254 2.063101312 1.003437118 0.004047874 0.024323185 0.184122153 0.567172708 0.030554704 0.014417654 0.875759232 2.705433066 0.504617878 311.7492 0.059986243 0.208931246 0.011150238 33264 950.4 18921.6 34560 22291.2 0.053431 174.8628
35940 729900 14.11507238 8.453260178 11.70666667 0.015 0.034666667 1.557884197 0.283 1.535144135 2.066666667 1.018212182 0.004117875 0.026095179 0.199000564 0.569333559 0.032399121 0.01325 0.85 2.75 0.46375 313.0722 0.06 0.209 0.011 41385.6 950.4 18921.6 34560 22291.2 0.05074 332.51148
35941 729901 14.26477516 8.467022127 11.84232841 0.015 0.032028304 1.551082553 0.296031371 1.558747466 2.070232021 1.033067819 0.004187876 0.027972494 0.21400822 0.57137366 0.034317781 0.012082346 0.82577138 2.794566934 0.422882122 314.37 0.059988917 0.208574718 0.010821196 37152 950.4 18921.6 34560 22291.2 0.048193 210.5335096
35942 729902 14.41224824 8.480482793 11.9766035 0.015 0.02941691 1.54406083 0.308929543 1.582176648 2.073760933 1.047864124 0.004257162 0.029951551 0.22901867 0.573288819 0.036302077 0.010926628 0.803109815 2.838678328 0.382431973 315.6426 0.059956069 0.20735173 0.010595694 33264 950.4 18921.6 34560 22291.2 0.045785 348.22872
35943 729903 14.55704837 8.493527218 12.10810526 0.015 0.026859451 1.53685117 0.321561316 1.605199083 2.077216958 1.062461193 0.004325017 0.032028771 0.243905461 0.575074847 0.038343401 0.00979478 0.782051749 2.881878644 0.342817283 316.89 0.059902061 0.205410321 0.010329179 33264 950.4 18921.6 34560 22291.2 0.043508 344.53188
35944 729904 14.69873231 8.506040447 12.23544704 0.015 0.024382896 1.529485713 0.333793489 1.627582175 2.080563654 1.076719122 0.004390725 0.034200576 0.258542142 0.576727553 0.040433146 0.008698737 0.762633625 2.923712342 0.304455782 318.1122 0.059827496 0.202829775 0.010027337 33264 950.4 18921.6 34560 22291.2 0.041354 293.50188
35945 729905 14.83685681 8.517907524 12.35724216 0.015 0.022014213 1.5219966 0.345492863 1.649093324 2.083764577 1.090498005 0.004453571 0.036463385 0.272802259 0.578242747 0.042562703 0.007650434 0.744891885 2.963723882 0.2677652 319.2966 0.059732979 0.199689378 0.009695853 41385.6 950.4 18921.6 34560 22291.2 0.039317 318.49524
35946 729906 14.97097862 8.529013494 12.47210398 0.015 0.019780369 1.514415973 0.356526239 1.669499934 2.086783285 1.103657938 0.00451284 0.03881362 0.28655936 0.579616237 0.044723465 0.006661808 0.728862974 3.001457726 0.233163265 320.4684 0.059619114 0.196068416 0.009340413 41385.6 950.4 18921.6 34560 22291.2 0.037388 342.62676
35947 729907 15.1006545 8.5392434 12.57864583 0.015 0.017708333 1.506775971 0.366760417 1.688569406 2.089583333 1.116059017 0.004567815 0.041247701 0.299686994 0.580843835 0.046906824 0.005744792 0.714583333 3.036458333 0.201067708 321.6024 0.059486504 0.192046173 0.008966701 33264 950.4 18921.6 34560 23155.2 0.035561 303.70788
35948 729908 15.22544119 8.548482286 12.67548105 0.015 0.015825073 1.499108737 0.376062196 1.706069143 2.09212828 1.127561338 0.004617782 0.04376205 0.312058707 0.581921348 0.049104172 0.004911322 0.702089407 3.068270165 0.171896259 322.7112 0.059335753 0.187701934 0.008580403 33264 950.4 18921.6 34560 23155.2 0.033828 102.5136
35949 729909 15.34489545 8.556615198 12.76122297 0.015 0.014157556 1.49144641 0.384298378 1.721766547 2.094381681 1.138024994 0.004662025 0.046353088 0.323548048 0.582844587 0.051306901 0.004173333 0.691417638 3.096437682 0.146066645 323.7822 0.059167466 0.183114985 0.008187205 33264 950.4 18921.6 34560 23155.2 0.032182 281.39076
35950 729910 15.45857404 8.563527177 12.83448494 0.015 0.01273275 1.483821133 0.391335763 1.735429019 2.096307094 1.147310083 0.004699828 0.049017235 0.334028564 0.583609361 0.053506405 0.00354276 0.68260447 3.120505345 0.123996599 324.8406 0.058982246 0.178364611 0.00779279 33264 950.4 18921.6 34560 23155.2 0.030616 326.88684
35951 729911 15.5660337 8.56910327 12.89388028 0.015 0.011577624 1.476265046 0.39704115 1.746823963 2.097868076 1.155276699 0.004730476 0.051750912 0.343373803 0.58421148 0.055694074 0.003031539 0.675686346 3.140017614 0.106103848 325.8612 0.058780697 0.173530097 0.007402846 33264 950.4 18921.6 34560 23155.2 0.029122 84.12012
35952 729912 15.66683119 8.57322852 12.93802235 0.015 0.010719145 1.468810289 0.401281341 1.755718781 2.099028183 1.161784938 0.004753253 0.05455054 0.351457312 0.584646753 0.057861302 0.002651603 0.670699708 3.15451895 0.092806122 326.844 0.058563424 0.168690729 0.007023056 33264 950.4 16243.2 34560 23155.2 0.027693 187.94916
35953 729913 15.76052326 8.575787971 12.96552448 0.015 0.010184281 1.461489005 0.403923135 1.761880874 2.099750972 1.166694896 0.004767444 0.05741254 0.35815264 0.58491099 0.059999479 0.00241489 0.667681001 3.163553814 0.084521152 327.8016 0.05833103 0.16392579 0.006659107 33264 950.4 16243.2 34560 23155.2 0.026321 236.39364
35954 729914 15.84666667 8.576666667 12.975 0.015 0.01 1.454333333 0.404833333 1.765077645 2.1 1.169866667 0.004772333 0.060333333 0.363333333 0.585 0.0621 0.002333333 0.666666667 3.166666667 0.081666667 328.7214 0.058084119 0.159314568 0.006316684 37152 950.4 16243.2 34560 23155.2 0.025 279.57636
35955 729915 15.92710532 8.575085926 12.97329975 0.015 0.010090716 1.446915205 0.404554123 1.766644376 2.097664198 1.172058605 0.004763405 0.06421155 0.367693518 0.583256296 0.0643349 0.002362667 0.680246914 3.165908581 0.082693333 329.616 0.057823295 0.154936346 0.006001471 41385.6 950.4 16243.2 34560 23155.2 0.023705 265.9987609
35956 729916 16.00411546 8.570487407 12.96835358 0.015 0.010354617 1.438822809 0.403741877 1.768077444 2.090869136 1.17412657 0.004737431 0.069859264 0.372006896 0.578183704 0.066864615 0.002448 0.719753086 3.163662259 0.08568 330.4854 0.057549162 0.15087041 0.005719155 41385.6 950.4 16243.2 34560 23155.2 0.022419 187.2234
35957 729917 16.07790232 8.563086667 12.96039333 0.015 0.010779333 1.430112678 0.402434667 1.769385898 2.079933333 1.176076917 0.004695629 0.077143062 0.376266378 0.57002 0.069663139 0.002585333 0.783333333 3.159969603 0.090486667 331.3044 0.057262323 0.147196045 0.00547542 50457.6 950.4 16243.2 34560 23155.2 0.021145 117.77724
35958 729918 16.14867112 8.553099259 12.94965086 0.015 0.011352494 1.420841343 0.400670568 1.770578782 2.065175309 1.177916002 0.004639216 0.085929528 0.380464878 0.559002963 0.072704463 0.002770667 0.869135802 3.154872517 0.096973333 332.0982 0.056963384 0.143992536 0.005275952 50457.6 1382.4 16243.2 34560 23155.2 0.019884 314.75304
35959 729919 16.21662711 8.540740741 12.93635802 0.015 0.012061728 1.411065334 0.398487654 1.771665146 2.04691358 1.179650181 0.00456941 0.09608525 0.384595305 0.54537037 0.075962578 0.003 0.975308642 3.148412903 0.105 332.8668 0.056652948 0.141339169 0.005126435 41385.6 950.4 16243.2 34560 23155.2 0.018639 219.79188
35960 729920 16.28197552 8.526226667 12.92074667 0.015 0.012894667 1.400841183 0.395924 1.772654034 2.025466667 1.181285809 0.00448743 0.107476813 0.388650573 0.52936 0.079411479 0.003269333 1.1 3.140632664 0.114426667 333.585 0.056331619 0.139315229 0.005032556 41385.6 950.4 16243.2 34560 23155.2 0.017414 346.2102
35961 729921 16.34492157 8.509772593 12.90304864 0.015 0.013838938 1.390225421 0.393017679 1.773554494 2.001153086 1.182829241 0.004394491 0.119970803 0.392623594 0.51120963 0.083025156 0.003574667 1.241358025 3.131573702 0.125113333 334.278 0.056 0.138 0.005 33264 691.2 16243.2 34560 23155.2 0.016209 330.19812
35962 729922 16.4056705 8.491594074 12.8834958 0.015 0.014882173 1.37927458 0.389806765 1.774375574 1.974291358 1.184286833 0.004291812 0.133433806 0.396507278 0.491157037 0.086777601 0.003912 1.397530864 3.121277921 0.13692 334.9332 0.055502045 0.137107038 0.005 41385.6 691.2 21513.6 34560 23155.2 0.015028 265.40136
35963 729923 16.46442754 8.471906667 12.86232 0.015 0.016012 1.36804519 0.386329333 1.775126319 1.9452 1.185664941 0.00418061 0.147732408 0.400294539 0.46944 0.090642808 0.004277333 1.566666667 3.109787223 0.149706667 335.5506 0.054711202 0.136292179 0.005 50457.6 691.2 18921.6 34560 23155.2 0.013874 62.77824
35964 729924 16.52139793 8.450925926 12.83975309 0.015 0.017216049 1.356593782 0.382623457 1.775815776 1.914197531 1.186969921 0.004062103 0.162733194 0.403978287 0.446296296 0.094594767 0.004666667 1.74691358 3.097143511 0.163333333 336.1428 0.053672317 0.135548127 0.005 41385.6 691.2 18921.6 34560 23155.2 0.012747 266.76216
35965 729925 16.5767869 8.428867407 12.81602691 0.015 0.018481951 1.344976888 0.37872721 1.776452993 1.881602469 1.188208127 0.003937509 0.178302751 0.407551435 0.421963704 0.098607472 0.005076 1.936419753 3.083388689 0.17766 336.6846 0.052430236 0.134867588 0.005 41385.6 950.4 18921.6 34560 23155.2 0.011652 281.14128
35966 729926 16.63079968 8.405946667 12.79137333 0.015 0.019797333 1.33325104 0.374678667 1.777047016 1.847733333 1.189385915 0.003808044 0.194307665 0.411006895 0.39668 0.102654914 0.005501333 2.133333333 3.068564657 0.192546667 337.1886 0.051029805 0.134243269 0.005 33264 950.4 18921.6 34560 23155.2 0.01059 283.90824
35967 729927 16.6836415 8.382379259 12.7660242 0.015 0.021149827 1.321472767 0.370515901 1.777606892 1.812908642 1.190509641 0.003674927 0.210614521 0.414337578 0.370682963 0.106711085 0.005938667 2.335802469 3.052713321 0.207853333 337.6674 0.04951587 0.133667874 0.005 33264 950.4 18921.6 34560 23155.2 0.0095646 301.3038
35968 729928 16.7355176 8.358380741 12.74021136 0.015 0.022527062 1.309698602 0.366276988 1.778141668 1.777446914 1.191585661 0.003539374 0.227089905 0.417536397 0.34421037 0.110749978 0.006384 2.541975309 3.035876581 0.22344 338.0958 0.047933279 0.133134109 0.005 25920 950.4 16243.2 34560 23155.2 0.0085772 235.9854
35969 729929 16.7866332 8.334166667 12.71416667 0.015 0.023916667 1.297985075 0.362 1.77866039 1.741666667 1.192620329 0.003402604 0.243600404 0.420596263 0.3175 0.114745585 0.006833333 2.75 3.018096342 0.239166667 338.4864 0.046326876 0.13263468 0.005 22636.8 691.2 16243.2 34560 23155.2 0.0076306 173.36592
35970 729930 16.83719355 8.309952593 12.68812198 0.015 0.025306272 1.286388718 0.357723012 1.779172106 1.70588642 1.193620002 0.003265834 0.260012602 0.423510088 0.29078963 0.118671897 0.007282667 2.958024691 2.999414506 0.254893333 338.8392 0.044741509 0.132162292 0.005 25920 691.2 18921.6 34560 23155.2 0.0067273 213.26004
35971 729931 16.88740388 8.285954074 12.66230914 0.015 0.026683506 1.274966062 0.353484099 1.779685862 1.670424691 1.194591035 0.003130282 0.276193087 0.426270784 0.264317037 0.122502908 0.007728 3.164197531 2.979872975 0.27048 339.1542 0.043222022 0.13170965 0.005 41385.6 950.4 18921.6 34560 23155.2 0.0058697 233.3949496
35972 729932 16.93746941 8.262386667 12.63696 0.015 0.028036 1.263773638 0.349321333 1.780210706 1.6356 1.195539784 0.002997164 0.292008443 0.428871263 0.23832 0.126212609 0.008165333 3.366666667 2.959513653 0.285786667 339.4314 0.041813264 0.131269462 0.005 33264 950.4 18921.6 34560 23155.2 0.0050603 118.66176
35973 729933 16.98759538 8.239465926 12.61230642 0.015 0.029351383 1.252867977 0.34527279 1.780755683 1.601730864 1.196472603 0.0028677 0.307325258 0.431304437 0.213036296 0.129774992 0.008590667 3.563580247 2.938378442 0.300673333 339.6582 0.040560079 0.130834431 0.005 41385.6 691.2 18921.6 34560 23155.2 0.0043016 165.40524
35974 729934 17.03798703 8.217407407 12.58858025 0.015 0.030617284 1.242305611 0.341376543 1.781329841 1.569135802 1.19739585 0.002743105 0.322010116 0.433563218 0.188703704 0.13316405 0.009 3.75308642 2.916509245 0.315 339.8598 0.039507313 0.130397264 0.005 33264 691.2 18921.6 34560 23155.2 0.0035959 308.7882
35975 729935 17.08884958 8.196426667 12.56601333 0.015 0.031821333 1.23214307 0.337670667 1.781942227 1.538133333 1.198315878 0.002624598 0.335929603 0.435640517 0.16556 0.136353775 0.009389333 3.933333333 2.893947965 0.328626667 340.011 0.038699815 0.129950666 0.005 25920 691.2 18921.6 34560 23155.2 0.0029458 198.58608
35976 729936 17.14038826 8.176739259 12.54483753 0.015 0.03295116 1.222436886 0.334193235 1.782601887 1.509041975 1.199239044 0.002513396 0.348950307 0.437529246 0.143842963 0.139318158 0.009754667 4.102469136 2.870736505 0.341413333 340.1118 0.038182428 0.129487343 0.005 25920 691.2 18921.6 34560 23155.2 0.0023537 307.81296
35977 729937 17.19280832 8.158560741 12.52528469 0.015 0.033994395 1.21324359 0.330982321 1.783317868 1.482180247 1.200171704 0.002410717 0.360938811 0.439222318 0.12379037 0.142031192 0.010092 4.258641975 2.846916767 0.35322 340.1748 0.038 0.129 0.005 33264 950.4 18921.6 29310.96774 23155.2 0.0018221 110.49696
35978 729938 17.24631499 8.142106667 12.50758667 0.015 0.034938667 1.204619713 0.328076 1.784099217 1.457866667 1.201120213 0.002317779 0.371761703 0.440712643 0.10564 0.14446687 0.010397333 4.4 2.822530654 0.363906667 340.2 0.038010177 0.128489134 0.005010662 33264 950.4 18921.6 29310.96774 23155.2 0.0013534 212.03532
35979 729939 17.30111348 8.127592593 12.49197531 0.015 0.035771605 1.196621786 0.325512346 1.784954982 1.436419753 1.202090925 0.002235798 0.381285569 0.441993135 0.08962963 0.146599182 0.010666667 4.524691358 2.79762007 0.373333333 340.1748 0.038039894 0.127961423 0.005041881 45792 1900.8 20649.6 29310.96774 23155.2 0.00095011 281.52684
35980 729940 17.35740905 8.115234074 12.47868247 0.015 0.03648084 1.189306341 0.323329432 1.785894208 1.418158025 1.203090198 0.002165992 0.389376993 0.443056705 0.075997037 0.148402122 0.010896 4.630864198 2.772226916 0.38136 340.1118 0.03808793 0.127418841 0.005092504 41385.6 1382.4 20649.6 29310.96774 23155.2 0.00061462 291.98232
35981 729941 17.41540692 8.105246667 12.46794 0.015 0.037054 1.182729909 0.321565333 1.786925943 1.4034 1.204124387 0.00210958 0.395902562 0.443896264 0.06498 0.149849682 0.011081333 4.716666667 2.746393096 0.387846667 340.011 0.038153063 0.126863363 0.005161378 33264 950.4 18230.4 29310.96774 23155.2 0.0003494 265.83228
35982 729942 17.47531233 8.097845926 12.45997975 0.015 0.037478716 1.176949021 0.320258123 1.788059233 1.392464198 1.205199846 0.002067778 0.400728863 0.444504725 0.056816296 0.150915853 0.011218667 4.780246914 2.720160513 0.392653333 339.8598 0.038234073 0.126296965 0.005247353 33264 950.4 16588.8 29310.96774 23155.2 0.00015693 122.90292
35983 729943 17.5373305 8.093247407 12.45503358 0.015 0.037742617 1.172020207 0.319445877 1.789303125 1.385669136 1.206322932 0.002041804 0.40372248 0.444875 0.051743704 0.151574629 0.011304 4.819753086 2.693571069 0.39564 339.6708 0.038329737 0.125721623 0.005349275 33264 950.4 16588.8 29310.96774 23155.2 3.96E-05 311.0730894
35984 729944 17.60166667 8.091666667 12.45333333 0.015 0.037833333 1.168 0.319166667 1.790666667 1.383333333 1.2075 0.002032875 0.40475 0.445 0.05 0.1518 0.011333333 4.833333333 2.666666667 0.396666667 339.4314 0.038438836 0.12513931 0.005465993 45792 1900.8 20649.6 29310.96774 23155.2 0 15.37704
35985 729945 17.66998835 8.092411353 12.45677927 0.015 0.037803642 1.164567556 0.319899941 1.792423035 1.389649386 1.208737517 0.002036046 0.404495498 0.444975232 0.050749019 0.151789238 0.011329124 4.820737216 2.634802201 0.396519334 339.1668 0.038560147 0.124552004 0.005596354 41385.6 1382.4 19353.6 29310.96774 23155.2 0 149.1200139
35986 729946 17.74351682 8.094596711 12.46683288 0.015 0.037717019 1.161355305 0.322039286 1.79481038 1.408076634 1.21003362 0.002045402 0.403745508 0.444901153 0.052934302 0.151757108 0.011316754 4.783987719 2.593722192 0.396086378 338.8518 0.038692449 0.123961678 0.005739206 33264 950.4 18230.4 29310.96774 23155.2 0 272.0006868
35987 729947 17.82178799 8.098149686 12.48306787 0.015 0.037577135 1.158349684 0.325493989 1.797785203 1.437833709 1.211382171 0.002060709 0.4025203 0.444778105 0.056463186 0.151703848 0.01129661 4.724643125 2.544052985 0.395381362 338.499 0.038834521 0.123370308 0.005893398 33264 950.4 16588.8 29310.96774 23155.2 0 315.1386
35988 729948 17.90433776 8.102997224 12.50505793 0.015 0.037387665 1.155537132 0.330173336 1.80130401 1.478139244 1.212777033 0.002081734 0.400840145 0.444606425 0.061243009 0.151629692 0.011269081 4.644261717 2.486420924 0.394417851 338.1084 0.038985141 0.12277987 0.006057775 33264 950.4 16588.8 29310.96774 23155.2 0 332.57952
35989 729949 17.99070201 8.109066271 12.53237675 0.015 0.03715228 1.152904089 0.335986611 1.805323302 1.528211871 1.214212067 0.002108241 0.398725315 0.444386454 0.067181109 0.151534876 0.011234555 4.544401777 2.421452353 0.393209408 337.68 0.03914309 0.122192339 0.006231188 33264 950.4 16588.8 29310.96774 23155.2 0 278.94132
35990 729950 18.08041666 8.116283774 12.56459805 0.015 0.036874656 1.150436992 0.3428431 1.809799583 1.587270223 1.215681136 0.002139997 0.396196082 0.444118532 0.074184823 0.151419637 0.011193417 4.426621588 2.349773616 0.391769597 337.2138 0.039307144 0.121609689 0.006412483 45792 1900.8 18230.4 29310.96774 23155.2 0 339.72372
35991 729951 18.17301759 8.124576678 12.60129551 0.015 0.036558463 1.148122281 0.35065209 1.814689356 1.654532933 1.217178102 0.002176768 0.393272716 0.443802998 0.082161491 0.15128421 0.011146057 4.292479432 2.272011057 0.390111982 336.7098 0.039476084 0.121033897 0.006600508 61084.8 3369.6 20649.6 29310.96774 23155.2 0 345.43908
35992 729952 18.26804072 8.133871929 12.64204283 0.015 0.036207377 1.145946394 0.359322866 1.819949124 1.729218633 1.218696827 0.002218318 0.389975488 0.443440191 0.091018449 0.151128831 0.011092861 4.143533591 2.188791021 0.388250128 336.168 0.039648687 0.120466938 0.006794111 55296 1900.8 19353.6 29310.96774 23155.2 0 314.18604
35993 729953 18.36502193 8.144096473 12.68641372 0.015 0.035825069 1.143895769 0.368764713 1.825535392 1.810545955 1.220231173 0.002264415 0.386324671 0.443030452 0.100663035 0.150953736 0.011034217 3.981342349 2.100739852 0.386197596 335.5884 0.039823733 0.119910786 0.00699214 50457.6 950.4 19353.6 29310.96774 23155.2 0 320.71788
35994 729954 18.46349712 8.155177257 12.73398188 0.015 0.035415213 1.141956845 0.378886918 1.831404661 1.897733534 1.221775003 0.002314823 0.382340534 0.442574121 0.111002588 0.150759162 0.010970513 3.807463988 2.008483894 0.383967953 334.971 0.04 0.119367417 0.007193443 50457.6 950.4 19353.6 29310.96774 23155.2 0 314.9118
35995 729955 18.5630022 8.167041227 12.78432099 0.015 0.034981481 1.140116062 0.389598765 1.837513436 1.99 1.223322177 0.002369309 0.37804335 0.442071535 0.121944444 0.150545343 0.010902136 3.62345679 1.91264949 0.381574761 334.3158 0.040176267 0.118838807 0.007396867 50457.6 950.4 18230.4 29310.96774 23155.2 0 317.529072
35996 729956 18.66307306 8.179615328 12.83700476 0.015 0.034527548 1.138359856 0.400809542 1.843818219 2.086563987 1.224866559 0.002427638 0.37345339 0.441523036 0.133395943 0.150312516 0.010829474 3.430879038 1.813862986 0.379031584 333.6354 0.040351313 0.118326931 0.00760126 50457.6 950.4 18230.4 29310.96774 23155.2 0 226.219392
35997 729957 18.7632456 8.192826507 12.89160689 0.015 0.034057086 1.136674668 0.412428532 1.850275514 2.186644127 1.226402011 0.002489577 0.368590925 0.440928963 0.145264421 0.150060916 0.010752914 3.231289015 1.712750726 0.376351986 332.9172 0.040523916 0.117833763 0.007805471 45792 950.4 18230.4 29310.96774 23155.2 0 149.66532
35998 729958 18.86305572 8.20660171 12.94770107 0.015 0.033573768 1.135046936 0.424365023 1.856841823 2.289459053 1.227922394 0.00255489 0.363476226 0.440289656 0.157457217 0.14979078 0.010672844 3.026245003 1.609939052 0.373549532 332.1612 0.040692856 0.117361279 0.008008347 45792 950.4 18230.4 29310.96774 23155.2 0 290.48544
35999 729959 18.96203932 8.220867883 13.00486101 0.015 0.033081267 1.133463098 0.4365283 1.863473651 2.394227398 1.229421572 0.002623344 0.358129565 0.439605454 0.169881668 0.149502344 0.010589651 2.817305284 1.506054311 0.370637784 331.3674 0.04085691 0.116911455 0.008208735 45792 950.4 16588.8 29310.96774 23155.2 0 319.83336
36000 729960 19.0597323 8.235551971 13.0626604 0.015 0.032583257 1.131909593 0.448827647 1.870127501 2.500167794 1.230893405 0.002694705 0.352571213 0.438876696 0.182445112 0.149195842 0.010503723 2.606028142 1.401722846 0.367630307 330.5484 0.041014859 0.116486266 0.008405484 45792 691.2 16588.8 29310.96774 23155.2 0 305.79444
36001 729961 19.15567055 8.250580921 13.12067294 0.015 0.03208341 1.13037286 0.461172353 1.876759875 2.606498873 1.232331756 0.002768738 0.34682144 0.438103724 0.195054888 0.148871512 0.010415448 2.393971858 1.297571001 0.364540665 329.6916 0.041165479 0.116087686 0.008597441 45792 691.2 16588.8 29310.96774 23155.2 0 224.28252
36002 729962 19.24938998 8.265881679 13.17847233 0.015 0.031585399 1.128839337 0.4734717 1.883327277 2.712439269 1.233730488 0.00284521 0.340900519 0.437286875 0.207618332 0.148529589 0.010325212 2.182694716 1.19422512 0.361382421 328.8096 0.041307551 0.115717692 0.008783455 45792 691.2 14515.2 29310.96774 23155.2 0 291.68748
36003 729963 19.34042648 8.281381192 13.23563226 0.015 0.031092899 1.127295463 0.485634977 1.88978621 2.817207613 1.235083462 0.002923885 0.334828721 0.43642649 0.220042783 0.148170309 0.010233404 1.973754997 1.092311548 0.358169139 327.8898 0.041439853 0.115378258 0.008962373 41385.6 691.2 14515.2 29310.96774 23155.2 0 259.1194826
36004 729964 19.42831595 8.297006404 13.29172645 0.015 0.030609581 1.125727677 0.497571468 1.896093177 2.920022539 1.23638454 0.00300453 0.328626317 0.435522909 0.232235579 0.147793908 0.010140411 1.768710985 0.992456628 0.354914384 326.9322 0.041561164 0.11507136 0.009133042 41385.6 691.2 14515.2 29310.96774 23155.2 0 258.46128
36005 729965 19.51259429 8.312684263 13.34632858 0.015 0.030139118 1.124122417 0.509190458 1.902204683 3.02010268 1.237627585 0.00308691 0.322313578 0.434576471 0.244104057 0.147400622 0.010046621 1.569120962 0.895286705 0.351631718 325.962 0.041670263 0.114798974 0.009294312 41385.6 691.2 14515.2 29310.96774 23155.2 0 182.0808306
36006 729966 19.5927974 8.328341714 13.39901235 0.015 0.029685185 1.122466121 0.520401235 1.908077229 3.116666667 1.238806459 0.003170792 0.315910775 0.433587515 0.255555556 0.146990686 0.00995242 1.37654321 0.801428123 0.348334707 324.9414 0.041765927 0.114563073 0.009445029 41385.6 691.2 14515.2 29310.96774 23155.2 0 332.9424
36007 729967 19.66846117 8.343905703 13.44935146 0.015 0.029251454 1.120745229 0.531113082 1.913667319 3.208933133 1.239915024 0.003255941 0.30943818 0.432556382 0.266497412 0.146564337 0.009858198 1.192536012 0.711507227 0.345036913 323.9082 0.041846937 0.114365634 0.009584041 41385.6 691.2 14515.2 29310.96774 23155.2 0 290.013696
36008 729968 19.73912151 8.359303176 13.49691961 0.015 0.028841598 1.118946179 0.541235287 1.918931457 3.296120711 1.240947141 0.003342123 0.302916064 0.43148341 0.276836965 0.14612181 0.00976434 1.018657651 0.62615036 0.341751901 322.8372 0.04191207 0.114208632 0.009710196 41385.6 691.2 16588.8 34374.19355 23155.2 0 319.13028
36009 729969 19.80431432 8.37446108 13.5412905 0.015 0.02845929 1.11705541 0.550677134 1.923826146 3.377448034 1.241896674 0.003429103 0.296364698 0.430368941 0.286481551 0.145663341 0.009671235 0.856466409 0.545983866 0.338493234 321.7284 0.041960106 0.114094042 0.009822343 33264 691.2 16588.8 34374.19355 23155.2 0 321.87456
36010 729970 19.86357549 8.38930636 13.58203783 0.015 0.028108203 1.115059361 0.55934791 1.928307888 3.452133734 1.242757484 0.003516649 0.289804354 0.429213313 0.295338509 0.145189167 0.009579271 0.707520568 0.47163409 0.335274477 320.607 0.041989823 0.11402384 0.009919328 41385.6 691.2 14515.2 34374.19355 23155.2 0 311.78196
36011 729971 19.91644092 8.403765963 13.61873529 0.015 0.027792011 1.112944469 0.5671569 1.932333188 3.519396444 1.243523433 0.003604524 0.283255302 0.428016865 0.303315177 0.144699523 0.009488834 0.573378412 0.403727376 0.332109192 319.4478 0.042 0.114 0.01 41385.6 691.2 12009.6 34374.19355 23155.2 0 298.809
36012 729972 19.96244651 8.417766835 13.65095658 0.015 0.027514386 1.110697174 0.574013389 1.935858547 3.578454796 1.244188383 0.003692495 0.276737815 0.426779938 0.310318891 0.144194645 0.009400313 0.455598223 0.342890068 0.329010945 318.2634 0.041996805 0.114070283 0.010070299 41385.6 950.4 14515.2 34374.19355 23155.2 0 300.9636
36013 729973 20.00112817 8.431235921 13.67827541 0.015 0.027279002 1.108303914 0.579826664 1.938840471 3.628527423 1.244746198 0.003780329 0.270272163 0.425502872 0.316256991 0.143674768 0.009314094 0.355738283 0.289748511 0.325993299 317.0538 0.041987422 0.114276705 0.010137051 33264 691.2 14515.2 34374.19355 23155.2 0 306.92844
36014 729974 20.03202177 8.444100168 13.70026546 0.015 0.027089532 1.105751128 0.584506011 1.941235461 3.668832958 1.245190738 0.00386779 0.263878617 0.424186005 0.321036814 0.14314013 0.009230566 0.275356875 0.244929048 0.323069817 315.819 0.041972153 0.114612625 0.010200432 22636.8 691.2 12009.6 34374.19355 23155.2 0 225.7794
36015 729975 20.05466324 8.456286521 13.71650045 0.015 0.026949648 1.103025255 0.587960714 1.943000022 3.698590033 1.245515866 0.003954644 0.25757745 0.422829678 0.324565698 0.142590965 0.009150116 0.216012281 0.209058023 0.320254065 314.5464 0.0419513 0.115071403 0.01026062 22636.8 691.2 12009.6 34374.19355 23155.2 0 277.08156
36016 729976 20.06858846 8.467721928 13.72655406 0.015 0.026863024 1.100112732 0.590100059 1.944090656 3.71701728 1.245715443 0.004040658 0.251388931 0.421434229 0.326750981 0.14202751 0.009073132 0.179262784 0.182761781 0.317559604 313.2612 0.041925164 0.115646396 0.010317791 22636.8 691.2 12009.6 34374.19355 23155.2 0 202.44168
36017 729977 20.07333333 8.478333333 13.73 0.015 0.026833333 1.097 0.590833333 1.944463867 3.723333333 1.245783333 0.004125597 0.245333333 0.42 0.3275 0.14145 0.009 0.166666667 0.166666667 0.315 311.9508 0.041894047 0.116330965 0.010372121 22636.8 691.2 12009.6 34374.19355 23155.2 0 303.54912
36018 729978 20.06986627 8.48846179 13.72127501 0.015 0.026870688 1.093374573 0.590765333 1.94307293 3.72071527 1.242166162 0.004216827 0.238962539 0.417481142 0.326388712 0.140571476 0.008926439 0.167673752 0.156014981 0.312425382 310.6026 0.041858251 0.117118468 0.010423788 22636.8 691.2 12009.6 34374.19355 23155.2 0.00011072 238.79772
36019 729979 20.05968927 8.498497993 13.69589911 0.015 0.026979106 1.088978424 0.590565516 1.939035822 3.713061235 1.231667541 0.004321049 0.231863232 0.412938049 0.323163265 0.139134527 0.008848276 0.170608797 0.145637173 0.309689657 309.2418 0.041818079 0.118002264 0.010472968 22636.8 691.2 12009.6 34374.19355 23155.2 0.00043207 124.15032
36020 729980 20.04313866 8.508443347 13.65507093 0.015 0.027153122 1.083879679 0.590240159 1.932556094 3.700671464 1.214816815 0.004437032 0.224107888 0.406530425 0.317986288 0.137183716 0.008766059 0.175342487 0.135541807 0.30681205 307.8558 0.041773831 0.118975713 0.010519837 22636.8 691.2 12009.6 34374.19355 23155.2 0.00094785 168.10416
36021 729981 20.02055075 8.51829926 13.59998908 0.015 0.027387269 1.078146462 0.589795541 1.923837297 3.683846193 1.192143324 0.004563545 0.21576898 0.398417974 0.311020408 0.134763603 0.008680337 0.181745509 0.125737446 0.30381179 306.4446 0.04172581 0.120032173 0.010564573 22636.8 691.2 12009.6 34374.19355 23155.2 0.0016419 248.64084
36022 729982 19.99226186 8.528067139 13.53185219 0.015 0.027676081 1.071846899 0.589237937 1.913082983 3.662885655 1.164176411 0.004699357 0.206918985 0.388760399 0.302428253 0.13191875 0.00859166 0.189688548 0.116232654 0.300708104 305.0208 0.041674318 0.121165004 0.010607351 22636.8 691.2 12009.6 34374.19355 23155.2 0.0024979 92.89728
36023 729983 19.95860829 8.53774839 13.45185886 0.015 0.028014091 1.065049116 0.588573626 1.900496705 3.638090085 1.131445418 0.004843236 0.197630375 0.377717404 0.292372449 0.128693719 0.008500578 0.19904229 0.107035994 0.297520218 303.5592 0.041619656 0.122367565 0.01064835 22636.8 691.2 12009.6 34374.19355 23155.2 0.0034998 125.9874
36024 729984 19.91992637 8.547344421 13.36120773 0.015 0.028395833 1.057821236 0.587808884 1.886282013 3.609759719 1.094479688 0.004993953 0.187975626 0.365448692 0.281015625 0.12513307 0.008407639 0.209677419 0.098156031 0.29426736 302.085 0.041562127 0.123633215 0.010687744 22636.8 691.2 12009.6 34374.19355 23155.2 0.0046312 187.2234
36025 729985 19.8765524 8.556856638 13.2610974 0.015 0.028815841 1.050231386 0.586949989 1.870642459 3.578194792 1.053808562 0.005150275 0.178027212 0.352113966 0.268520408 0.121281365 0.008313393 0.221464623 0.089601328 0.290968756 300.5856 0.041502031 0.124955312 0.010725711 22636.8 691.2 12009.6 34374.19355 23155.2 0.0058762 260.04888
36026 729986 19.8288227 8.566286448 13.1527265 0.015 0.029268647 1.042347691 0.586003217 1.853781595 3.543695537 1.009961383 0.005310973 0.167857607 0.337872931 0.255049426 0.117183165 0.00821839 0.234274585 0.081380449 0.287643635 299.061 0.041439672 0.126327216 0.010762428 50457.6 1382.4 14515.2 34374.19355 23155.2 0.0072183 242.60796
36027 729987 19.77707358 8.575635259 13.03729365 0.015 0.029748785 1.034238275 0.584974846 1.835902973 3.506562191 0.963467493 0.005474813 0.157539287 0.322885289 0.240765306 0.112883033 0.008123178 0.247977993 0.073501957 0.284311223 297.5238 0.041375351 0.127742287 0.01079807 22636.8 950.4 12009.6 34374.19355 23155.2 0.0086414 195.88716
36028 729988 19.72164136 8.584904476 12.91599746 0.015 0.03025079 1.025971264 0.583871153 1.817210144 3.467094988 0.914856234 0.005640567 0.147144725 0.307310744 0.225830676 0.108425528 0.008028307 0.262445531 0.065974416 0.280990747 295.974 0.041309369 0.129193882 0.010832816 25920 691.2 12009.6 34374.19355 23155.2 0.010129 160.59708
36029 729989 19.66286235 8.594095507 12.79003655 0.015 0.030769193 1.017614784 0.582698415 1.79790666 3.425594162 0.864656948 0.005807002 0.136746396 0.291308999 0.210408163 0.103855212 0.007934327 0.277547886 0.058806391 0.277701435 294.3864 0.041242029 0.130675362 0.010866841 41385.6 691.2 12009.6 34374.19355 23155.2 0.011666 163.27332
36030 729990 19.60107286 8.603209758 12.66060954 0.015 0.03129853 1.009236959 0.581462909 1.778196072 3.38235995 0.813398979 0.005972888 0.126416774 0.275039759 0.194660395 0.099216648 0.007841786 0.293155742 0.052006444 0.274462513 292.7988 0.041173633 0.132180085 0.010900322 41385.6 1382.4 16588.8 34374.19355 23155.2 0.013235 273.0672
36031 729991 19.53660921 8.612248637 12.52891506 0.015 0.031833333 1.000905914 0.580170913 1.758281933 3.337692585 0.761611667 0.006136993 0.116228334 0.258662726 0.17875 0.094554395 0.007751235 0.309139785 0.045583139 0.271293209 291.1734 0.041104481 0.13370141 0.010933436 41385.6 950.4 12009.6 34374.19355 23155.2 0.01482 236.41632
36032 729992 19.46980771 8.62121355 12.39615171 0.015 0.032368137 0.992689775 0.578828703 1.738367794 3.291892302 0.709824355 0.006298087 0.106253551 0.242337604 0.162839605 0.089913017 0.007663221 0.325370701 0.03954504 0.268212749 289.548 0.041034877 0.135232696 0.01096636 41385.6 1382.4 14515.2 34374.19355 23155.2 0.016405 162.0683847
36033 729993 19.40100467 8.630105905 12.26351812 0.015 0.032897473 0.984656666 0.577442558 1.718657207 3.245259337 0.658566385 0.006454938 0.096564899 0.226224097 0.147091837 0.085337073 0.007578296 0.341719176 0.033900711 0.265240362 287.8974 0.040965123 0.136767304 0.010999269 33264 950.4 14515.2 34374.19355 23155.2 0.017974 188.85636
36034 729994 19.33053641 8.638927107 12.13221291 0.015 0.033415877 0.976874714 0.576018753 1.699353723 3.198093924 0.608367099 0.006606315 0.087234852 0.210481907 0.131669324 0.080871125 0.007497008 0.358055895 0.028658716 0.262395273 286.2342 0.040895519 0.13829859 0.011032341 22636.8 950.4 14515.2 34374.19355 23155.2 0.019511 208.45188
36035 729995 19.25873925 8.647678565 12.00343469 0.015 0.033917881 0.969412043 0.574563566 1.680660894 3.150696298 0.559755841 0.006750988 0.078335885 0.195270739 0.116734694 0.076559735 0.007419906 0.374251544 0.023827618 0.259696711 284.5458 0.040826367 0.139819915 0.011065753 91584 2505.6 18230.4 34374.19355 23155.2 0.020999 167.80932
36036 729996 19.18594949 8.656361684 11.87838208 0.015 0.03439802 0.962336778 0.573083274 1.662782272 3.103366694 0.513261951 0.006887725 0.069940472 0.180750295 0.102450574 0.072447463 0.00734754 0.390176808 0.019415981 0.257163902 282.8448 0.040757971 0.141324638 0.011099681 41385.6 1900.8 16588.8 34374.19355 23155.2 0.022422 18.52956
36037 729997 19.11250345 8.664977871 11.75825371 0.015 0.034850826 0.955717044 0.571584155 1.645921408 3.056405346 0.469414772 0.007015295 0.062121089 0.16708028 0.088979592 0.068578873 0.007280459 0.405702373 0.015432368 0.254816074 281.1312 0.040690631 0.142806118 0.011134301 41385.6 950.4 14515.2 34374.19355 23155.2 0.023764 231.4494
36038 729998 19.03873744 8.673528535 11.64424819 0.015 0.035270833 0.949620968 0.570072485 1.630281854 3.010112491 0.428743646 0.007132467 0.054950209 0.154420397 0.076484375 0.064998523 0.007219213 0.420698925 0.011885344 0.252672453 279.405 0.040624649 0.144257713 0.01116979 33264 950.4 14515.2 34374.19355 23155.2 0.025009 215.21052
36039 729999 18.96498778 8.68201508 11.53756414 0.015 0.035652575 0.944116673 0.568554542 1.616067162 2.964788362 0.391777915 0.00723801 0.048500306 0.14293035 0.065127551 0.061750977 0.00716435 0.435037148 0.008783472 0.250752267 277.6536 0.040560328 0.145672784 0.011206326 25920 1382.4 14515.2 34560 23155.2 0.02614 51.9372
36040 730000 18.89159078 8.690438915 11.43940017 0.015 0.035990586 0.939272285 0.567036603 1.603480883 2.920733195 0.359046923 0.007330694 0.042843856 0.132769841 0.055071747 0.058880795 0.007116421 0.44858773 0.006135315 0.249074743 275.9022 0.040497969 0.147044688 0.011244084 25920 1382.4 12009.6 34560 23155.2 0.027142 195.8418
36041 730001 18.81888275 8.698801446 11.35095492 0.015 0.036279397 0.93515593 0.565524945 1.59272657 2.878247224 0.33108001 0.007409286 0.038053333 0.124098574 0.046479592 0.056432539 0.007075975 0.461221355 0.003949438 0.247659108 274.1256 0.040437873 0.148366785 0.011283242 25920 1382.4 9244.8 34560 23155.2 0.027998 178.35552
36042 730002 18.74720002 8.707104079 11.27342699 0.015 0.036513545 0.931835732 0.564025846 1.584007773 2.837630684 0.308406519 0.007472557 0.034201212 0.117076253 0.039513712 0.05445077 0.00704356 0.472808709 0.002234405 0.246524589 272.3364 0.040380344 0.149632435 0.011323975 29462.4 1382.4 14515.2 34560 23155.2 0.028692 141.38712
36043 730003 18.67687888 8.715348223 11.208015 0.015 0.036687561 0.929379816 0.562545581 1.577528045 2.79918381 0.291555792 0.007519274 0.031359966 0.111862581 0.034336735 0.05298005 0.007019726 0.483220477 0.000998778 0.245690413 270.5346 0.040325682 0.150834996 0.011366461 110592 1900.8 14515.2 34560 23155.2 0.029208 38.1024
36044 730004 18.60825566 8.723535283 11.15591758 0.015 0.036795979 0.927856308 0.561090429 1.573490936 2.763206837 0.281057172 0.007548207 0.029602071 0.108617263 0.031111288 0.052064939 0.007005023 0.492327346 0.000251122 0.245175808 268.7328 0.04027419 0.151967827 0.011410876 95904 1900.8 20649.6 34560 23155.2 0.029529 125.57916
36045 730005 18.54166667 8.731666667 11.11833333 0.015 0.036833333 0.927333333 0.559666667 1.5721 2.73 0.27744 0.007558125 0.029 0.1075 0.03 0.05175 0.007 0.5 0 0.245 266.9058 0.040226169 0.153024287 0.011457397 68688 1900.8 16588.8 34560 23155.2 0.02964 134.24292
36046 730006 18.47605607 8.73988957 11.08912809 0.015 0.0367985 0.927390989 0.558174925 1.572502191 2.698582748 0.278368953 0.00755276 0.029122519 0.107722216 0.030180175 0.052163657 0.007001701 0.506710591 0 0.24505954 265.0788 0.040181921 0.153997736 0.011506201 45100.8 1382.4 16588.8 34560 23155.2 0.029569 185.81724
36047 730007 18.41010246 8.748333514 11.06132605 0.015 0.036696704 0.927559479 0.556519872 1.573677525 2.667749465 0.281092348 0.007537083 0.02948056 0.108371603 0.030706706 0.053373855 0.007006797 0.513033996 0 0.245237879 263.2392 0.040141749 0.154881532 0.011557464 45100.8 1382.4 14515.2 34560 23155.2 0.029361 148.7808
36048 730008 18.34374378 8.756973392 11.03486337 0.015 0.036532004 0.927832086 0.55471384 1.575579146 2.637462791 0.285514992 0.007511718 0.030059848 0.109422274 0.031558601 0.055334432 0.007015274 0.518994994 0 0.245534594 261.3744 0.040105953 0.155669035 0.011611363 45100.8 1382.4 14515.2 34560 23155.2 0.029024 82.57788
36049 730009 18.27691795 8.765784098 11.00967625 0.015 0.036308459 0.928202091 0.552769161 1.578160195 2.607685367 0.29154169 0.00747729 0.030846111 0.110848338 0.032714869 0.05799923 0.007027122 0.524618363 0 0.245949261 259.5222 0.040074836 0.156353604 0.011668074 41040 1382.4 14515.2 34560 23155.2 0.028567 149.18904
36050 730010 18.20956292 8.774740525 10.98570085 0.015 0.036030126 0.928662779 0.550698167 1.581373817 2.57837983 0.299077248 0.007434424 0.031825073 0.112623907 0.034154519 0.061322087 0.007042327 0.52992888 0 0.246481458 257.6448 0.0400487 0.156928597 0.011727774 45100.8 2505.6 20649.6 34560 23155.2 0.027998 139.09644
36051 730011 18.14161662 8.783817568 10.96287336 0.015 0.035701065 0.929207432 0.548513191 1.585173153 2.549508821 0.308026471 0.007383746 0.032982461 0.11472309 0.03585656 0.065256843 0.007060879 0.534951324 0 0.247130761 255.7674 0.040027847 0.157387375 0.01179064 53827.2 2505.6 26265.6 34560 23155.2 0.027325 94.96116
36052 730012 18.07301699 8.792990119 10.94112994 0.015 0.035325333 0.929829333 0.546226565 1.589511347 2.521034979 0.318294165 0.00732588 0.034304 0.11712 0.0378 0.069757338 0.007082764 0.539710471 0 0.247896747 253.8774 0.040012578 0.157723295 0.011856849 53827.2 2505.6 23587.2 34560 23155.2 0.026557 180.16992
36053 730013 18.00370196 8.802233074 10.92040679 0.015 0.034906989 0.930521765 0.543850621 1.594341542 2.492920943 0.329785136 0.007261451 0.035775417 0.119788746 0.039963848 0.074777411 0.007107971 0.544231101 0 0.248778994 251.9748 0.040003195 0.157929717 0.011926577 53827.2 1900.8 20649.6 34560 23155.2 0.025702 211.69512
36054 730014 17.93360949 8.811521324 10.90064008 0.015 0.034450091 0.93127801 0.541397691 1.599616879 2.465129353 0.34240419 0.007191085 0.037382437 0.12270344 0.042327114 0.080270902 0.007136488 0.548537991 0 0.249777077 250.0722 0.04 0.158 0.012 53827.2 1382.4 20649.6 34560 23155.2 0.024768 205.75296
36055 730015 17.86267749 8.820829765 10.88176598 0.015 0.033958698 0.932091351 0.538880107 1.605290503 2.437622848 0.356056132 0.007115406 0.039110787 0.125838192 0.044868805 0.08619165 0.007168302 0.552655918 0 0.250890575 248.157 0.040025443 0.157986247 0.01208623 49420.8 1382.4 20649.6 34560 23155.2 0.023764 199.017
36056 730016 17.79084391 8.83013329 10.86372068 0.015 0.033436867 0.932955071 0.536310203 1.611315555 2.410364068 0.370645768 0.00703504 0.040946192 0.129167114 0.04756793 0.092493496 0.007203402 0.556609662 0 0.252119063 246.2418 0.040099735 0.157945504 0.012193298 45100.8 1382.4 16588.8 34560 23155.2 0.022697 138.350592
36057 730017 17.71804669 8.839406792 10.84644035 0.015 0.032888657 0.933862453 0.53370031 1.617645179 2.383315653 0.386077903 0.006950611 0.042874379 0.132664315 0.050403499 0.099130279 0.007241775 0.560423998 0 0.253462119 244.314 0.040219825 0.157878538 0.012319764 41040 1382.4 16588.8 34560 23155.2 0.021577 80.1738
36058 730018 17.64422376 8.848625165 10.82986116 0.015 0.032318126 0.934806779 0.53106276 1.624232518 2.356440241 0.402257344 0.006862744 0.044881073 0.136303907 0.053354519 0.106055838 0.007283409 0.564123707 0 0.25491932 242.3862 0.040382658 0.157786123 0.012464187 37238.4 1382.4 16588.8 34560 23155.2 0.02041 52.86708
36059 730019 17.56931305 8.857763304 10.8139193 0.015 0.031729333 0.935781333 0.528409885 1.631030714 2.329700472 0.419088896 0.006772065 0.046952 0.14006 0.0564 0.113224013 0.007328293 0.567733564 0 0.256490242 240.4584 0.040585182 0.157669026 0.012625126 33609.6 1382.4 23587.2 34560 23155.2 0.019207 51.21144
36060 730020 17.49325252 8.866796101 10.79855095 0.015 0.031126336 0.936779397 0.525754019 1.63799291 2.303058986 0.436477364 0.006679198 0.049072886 0.143906706 0.05951895 0.120588644 0.007376413 0.571278349 0 0.258174463 238.518 0.040824344 0.15752802 0.01280114 30153.6 1382.4 23587.2 34560 23155.2 0.017974 191.10168
36061 730021 17.41598009 8.87569845 10.78369227 0.015 0.030513193 0.937794255 0.523107492 1.645072249 2.276478421 0.454327555 0.006584769 0.051229458 0.147818134 0.062690379 0.12810357 0.007427759 0.574782839 0 0.25997156 236.5776 0.041097089 0.157363874 0.012990788 30153.6 1382.4 23587.2 34560 23155.2 0.016721 141.79536
36062 730022 17.3374337 8.884445245 10.76927946 0.015 0.029893963 0.938819188 0.520482638 1.652221873 2.249921418 0.472544274 0.006489402 0.05340744 0.151768397 0.065893294 0.135722632 0.007482317 0.578271811 0 0.261881108 234.6372 0.041400366 0.157177359 0.01319263 30153.6 1382.4 23587.2 34560 23155.2 0.015455 26.9892
36063 730023 17.25755129 8.89301138 10.75524868 0.015 0.029272704 0.939847479 0.517891789 1.659394927 2.223350616 0.491032326 0.006393723 0.05559256 0.155731603 0.069106706 0.143399668 0.007540077 0.581770045 0 0.263902686 232.6842 0.041731122 0.156969245 0.013405223 30153.6 1382.4 18230.4 34560 23155.2 0.014185 168.21756
36064 730024 17.17627079 8.901371749 10.74153612 0.015 0.028653473 0.940872412 0.515347276 1.666544551 2.196728654 0.509696518 0.006298356 0.057770542 0.159681866 0.072309621 0.151088518 0.007601025 0.585302317 0 0.26603587 230.7312 0.042086302 0.156740302 0.013627129 30153.6 1382.4 16588.8 34560 23155.2 0.012919 134.90064
36065 730025 17.09353015 8.909501245 10.72807795 0.015 0.02804033 0.941887269 0.512861432 1.67362389 2.170018172 0.528441655 0.006203927 0.059927114 0.163593294 0.07548105 0.158743022 0.00766515 0.588893405 0 0.268280237 228.7782 0.042462854 0.156491301 0.013856905 45100.8 1382.4 16588.8 34560 23155.2 0.011666 75.1842
36066 730026 17.0092673 8.917374762 10.71481035 0.015 0.027437333 0.942885333 0.51044659 1.680586086 2.143181809 0.547172543 0.00611106 0.062048 0.16744 0.0786 0.16631702 0.007732439 0.592568088 0 0.270635364 226.8252 0.042857724 0.156223012 0.01409311 53827.2 1382.4 16588.8 34560 23155.2 0.010433 33.453
36067 730027 16.92342017 8.924967193 10.7016695 0.015 0.02684854 0.943859887 0.508115082 1.687384282 2.116182205 0.565793988 0.006020381 0.064118927 0.171196093 0.081645481 0.17376435 0.007802881 0.596351144 0 0.273100827 224.8722 0.043267861 0.155936205 0.014334305 53827.2 1900.8 18230.4 34560 23155.2 0.0092297 18.98316
36068 730028 16.8359267 8.932253433 10.68859158 0.015 0.02627801 0.944804214 0.505879239 1.693971621 2.088981999 0.584210795 0.005932514 0.066125621 0.174835685 0.084596501 0.181038854 0.007876463 0.600267349 0 0.275676205 222.9192 0.04369021 0.155631651 0.014579047 53827.2 1382.4 18230.4 34560 23155.2 0.0080635 31.23036
36069 730029 16.74672484 8.939208374 10.67551275 0.015 0.0257298 0.945711596 0.503751394 1.700301245 2.06154383 0.602327769 0.005848085 0.068053808 0.178332886 0.08743207 0.18809437 0.007953174 0.604341482 0 0.278361073 220.9662 0.044121718 0.15531012 0.014825897 53827.2 1900.8 16588.8 25641.29032 20217.6 0.0069428 48.28572
36070 730030 16.65575252 8.945806912 10.66236921 0.015 0.025207969 0.946575316 0.50174388 1.706326297 2.033830339 0.620049718 0.005767719 0.069889213 0.181661808 0.090131195 0.194884738 0.008033 0.608598321 0 0.281155008 219.0006 0.044559332 0.154972383 0.015073412 53827.2 1900.8 14515.2 25641.29032 20217.6 0.0058762 103.3074
36071 730031 16.56294766 8.952023939 10.64909713 0.015 0.024716575 0.947388657 0.499869028 1.711999921 2.005804164 0.637281445 0.00569204 0.071617563 0.18479656 0.092672886 0.201363798 0.008115931 0.613062644 0 0.284057589 217.0476 0.045 0.15461921 0.015320153 49420.8 1900.8 9244.8 25641.29032 20217.6 0.0048717 88.92828
36072 730032 16.46824823 8.957834349 10.63563268 0.015 0.024259677 0.948144902 0.498139171 1.717275258 1.977427944 0.653927758 0.005621674 0.073224583 0.187711254 0.095036152 0.207485389 0.008201954 0.617759229 0 0.28706839 215.0946 0.045440668 0.154251371 0.015564679 49420.8 1900.8 9244.8 25641.29032 20217.6 0.0039377 164.52072
36073 730033 16.37159214 8.963213035 10.62191205 0.015 0.023841333 0.948837333 0.496566641 1.722105453 1.94866432 0.669893461 0.005557245 0.074696 0.19038 0.0972 0.213203351 0.008291057 0.622712853 0 0.29018699 213.1416 0.045878282 0.153869636 0.015805548 49420.8 1900.8 9244.8 25641.29032 20217.6 0.0030826 90.35712
36074 730034 16.27291733 8.968134893 10.60787141 0.015 0.023465602 0.949459234 0.495163771 1.726443647 1.919475931 0.68508336 0.005499379 0.076017539 0.19277691 0.09914344 0.218471523 0.008383228 0.627948294 0 0.293412965 211.2012 0.04630979 0.153474776 0.016041319 127008 9158.4 20649.6 25641.29032 20217.6 0.0023145 158.6466
36075 730035 16.17216175 8.972574814 10.59344693 0.015 0.02313654 0.950003887 0.493942892 1.730242983 1.889825416 0.699402262 0.005448701 0.077174927 0.194876093 0.100845481 0.223243746 0.008478454 0.633490331 0 0.296745892 209.2482 0.046732139 0.153067562 0.016270552 113184 7776 20649.6 25641.29032 20217.6 0.0016419 105.0084
36076 730036 16.06926333 8.976507694 10.57857481 0.015 0.022858208 0.950464575 0.492916337 1.733456605 1.859675414 0.712754971 0.005405835 0.078153889 0.196651662 0.102285131 0.227473859 0.008576724 0.63936374 0 0.300185348 207.3078 0.047142276 0.152648763 0.016491807 86313.6 6480 18230.4 25641.29032 20217.6 0.0010729 156.17448
36077 730037 15.96416001 8.979908425 10.56319121 0.015 0.022634663 0.950834581 0.492096438 1.736037654 1.828988566 0.725046294 0.005371407 0.078940152 0.198077726 0.103441399 0.231115701 0.008678026 0.645593301 0 0.30373091 205.3674 0.047537146 0.15221915 0.016703641 63504 4233.6 14515.2 25641.29032 20217.6 0.00061596 148.3272
36078 730038 15.85678972 8.982751902 10.54723231 0.015 0.022469963 0.951107188 0.491495527 1.737939275 1.79772751 0.736181036 0.005346042 0.07951944 0.199128397 0.104293294 0.234123112 0.008782347 0.65220379 0 0.307382155 203.4396 0.047913698 0.151779493 0.016904614 53827.2 2505.6 14515.2 25641.29032 20217.6 0.00027929 30.41388
36079 730039 15.74709041 8.985013018 10.53063429 0.015 0.022368167 0.951275677 0.491125937 1.739114609 1.765854886 0.746064003 0.005330365 0.079877481 0.199777784 0.104819825 0.236449932 0.008889676 0.659219986 0 0.311138659 201.5118 0.048268878 0.151330563 0.017093285 49420.8 2505.6 9244.8 25641.29032 20217.6 7.12E-05 25.19748
36080 730040 15.635 8.986666667 10.51333333 0.015 0.022333333 0.951333333 0.491 1.7395168 1.733333333 0.7546 0.005325 0.08 0.2 0.105 0.23805 0.009 0.666666667 0 0.315 199.584 0.048599634 0.15087313 0.017268214 45100.8 1900.8 9244.8 25641.29032 20217.6 0 22.63464
36081 730041 15.51695322 8.987993268 10.49595613 0.015 0.022367426 0.949322175 0.492170248 1.737806986 1.698735578 0.762048772 0.005347987 0.079575154 0.19983239 0.104624672 0.23926002 0.009182659 0.675819335 0 0.321393053 197.6688 0.048902911 0.150407964 0.017427959 37238.4 1900.8 9244.8 25641.29032 20217.6 0.00011609 80.89956
36082 730042 15.38989321 8.989287751 10.47910938 0.015 0.022466665 0.94355246 0.495527517 1.73290178 1.660960258 0.768790182 0.005413934 0.078356333 0.19934494 0.10354314 0.240445134 0.009497359 0.687718602 0 0.332407582 195.7536 0.049175656 0.149935836 0.01757108 37238.4 1900.8 12009.6 25641.29032 20217.6 0.00046048 110.97324
36083 730043 15.25452054 8.990546771 10.46269923 0.015 0.022626491 0.934419825 0.500841594 1.725137541 1.620458884 0.774909213 0.005518319 0.076427114 0.198560724 0.101822085 0.241601843 0.009929643 0.702036903 0 0.347537499 193.851 0.049414818 0.149457516 0.017696135 37238.4 1900.8 9244.8 25641.29032 20217.6 0.0010274 145.87776
36084 730044 15.11153579 8.991766985 10.44663185 0.015 0.022842346 0.922319908 0.507882266 1.714850625 1.577682965 0.780490846 0.005656619 0.073871072 0.197502812 0.099528188 0.242726646 0.010465049 0.718446677 0 0.366276716 191.9484 0.049617342 0.148973775 0.017801684 37238.4 1900.8 9244.8 25641.29032 20217.6 0.001811 140.57064
36085 730045 14.96163952 8.992945049 10.4308134 0.015 0.02310967 0.907648346 0.516419321 1.702377388 1.533084012 0.785620065 0.005824313 0.070771785 0.196194278 0.096728127 0.243816043 0.011089118 0.736620361 0 0.388119144 190.0584 0.049780175 0.148485382 0.017886286 37238.4 1900.8 9244.8 25641.29032 20217.6 0.0028056 59.10408
36086 730046 14.80553231 8.99407762 10.41515005 0.015 0.023423905 0.890800777 0.526222546 1.688054189 1.487113533 0.790381851 0.006016879 0.067212828 0.194658194 0.093488584 0.244866533 0.011787391 0.756230392 0 0.412558696 188.1684 0.049900265 0.147993108 0.0179485 45100.8 1900.8 12009.6 25641.29032 20217.6 0.0040053 23.814
36087 730047 14.64391473 8.995161354 10.39954794 0.015 0.023780491 0.87217284 0.537061728 1.672217383 1.44022304 0.794861189 0.006229793 0.063277778 0.192917632 0.089876238 0.245874618 0.012545408 0.776949209 0 0.439089282 186.3036 0.049974557 0.147497724 0.017986885 63504 4233.6 16588.8 25641.29032 20217.6 0.0054044 112.85568
36088 730048 14.47748736 8.996192907 10.38391325 0.015 0.024174871 0.85216017 0.548706655 1.655203328 1.39286404 0.79914306 0.006458535 0.059050211 0.190995664 0.085957769 0.246836795 0.013348709 0.798449247 0 0.467204814 184.4388 0.05 0.147 0.018 95904 4233.6 18230.4 25641.29032 20217.6 0.006997 119.4102
36089 730049 14.30695075 8.997168937 10.36815213 0.015 0.024602484 0.831158406 0.560927114 1.63734838 1.345488046 0.803312446 0.006698582 0.054613703 0.188915362 0.081799859 0.247749566 0.014182834 0.820402945 0 0.496399205 182.574 0.049943809 0.146462184 0.017975851 68688 2505.6 16588.8 25641.29032 20217.6 0.0087774 85.48092
36090 730050 14.13300549 8.998086098 10.35217075 0.015 0.025058773 0.809563186 0.573492891 1.618988897 1.298546565 0.807454332 0.006945413 0.05005183 0.186699799 0.077469186 0.24860943 0.015033325 0.842482741 0 0.526166365 180.7344 0.049780928 0.145849182 0.01790543 63504 1900.8 14515.2 25641.29032 20217.6 0.01074 9.93384
36091 730051 13.95635215 8.998941049 10.33587526 0.015 0.025539178 0.787770147 0.586173775 1.600461236 1.252491108 0.811653698 0.007194504 0.04544817 0.184372046 0.073032431 0.249412886 0.01588572 0.864361071 0 0.556000207 178.8948 0.04951989 0.14516575 0.017791778 58579.2 1900.8 9244.8 25641.29032 20217.6 0.012878 99.31572
36092 730052 13.7776913 8.999730444 10.31917182 0.015 0.02603914 0.766174927 0.598739553 1.582101753 1.207773185 0.815995528 0.007441334 0.040886297 0.181955177 0.068556274 0.250156435 0.016725561 0.885710372 0 0.585394642 177.0804 0.049169232 0.144416644 0.017637935 45100.8 1900.8 9244.8 25641.29032 20217.6 0.015187 137.25936
36093 730053 13.59772351 9.000450941 10.30196661 0.015 0.026554101 0.745173163 0.610960012 1.564246806 1.164844305 0.820564805 0.007681381 0.036449789 0.179472262 0.064107395 0.250836576 0.017538388 0.906203083 0 0.613843581 175.266 0.048737489 0.14360662 0.017446943 30153.6 1900.8 9244.8 25641.29032 20217.6 0.017661 9.91116
36094 730054 13.41714935 9.001099195 10.28416577 0.015 0.027079501 0.725160494 0.622604938 1.547232751 1.124155978 0.825446511 0.007910123 0.032222222 0.176946375 0.059752475 0.251449809 0.018309741 0.925511641 0 0.640840937 173.4642 0.048233196 0.142740434 0.01722184 30153.6 1382.4 9244.8 25641.29032 20217.6 0.020293 88.05024
36095 730055 13.23666939 9.001671864 10.26567547 0.015 0.027610782 0.706532556 0.633444121 1.531395945 1.086159714 0.830725628 0.008123038 0.028287172 0.174400588 0.055558194 0.251992634 0.019025161 0.943308484 0 0.665880621 171.675 0.047664888 0.141822842 0.016965668 30153.6 1382.4 9244.8 25641.29032 20217.6 0.023079 54.86292
36096 730056 13.05698422 9.002165604 10.24640187 0.015 0.028143385 0.689684987 0.643247345 1.517072745 1.051307023 0.836487139 0.008315603 0.024728215 0.171857972 0.051591231 0.25246155 0.019670187 0.959266047 0 0.688456545 169.8984 0.047041101 0.1408586 0.016681468 37238.4 1382.4 9244.8 25641.29032 20217.6 0.026011 10.72764
36097 730057 12.87879439 9.00257707 10.22625113 0.015 0.028672751 0.675013425 0.651784401 1.504599509 1.020049414 0.842816027 0.008483297 0.021628928 0.169341601 0.047918266 0.252853058 0.020230361 0.97305677 0 0.70806262 168.1344 0.04637037 0.139852465 0.016372279 45100.8 1382.4 9244.8 25641.29032 20217.6 0.029085 26.21808
36098 730058 12.70280048 9.00290292 10.20512941 0.015 0.029194321 0.662913508 0.658825073 1.494312592 0.992838398 0.849797275 0.008621598 0.019072886 0.166874546 0.044605981 0.253163657 0.020691222 0.984353089 0 0.724192758 166.3956 0.045661231 0.138809191 0.016041142 53827.2 2505.6 14515.2 25641.29032 20217.6 0.032295 49.03416
36099 730059 12.52970306 9.003139809 10.18294288 0.015 0.029703536 0.653780873 0.66413915 1.486548353 0.970125484 0.857515864 0.008725982 0.017143667 0.164479879 0.041721055 0.253389848 0.021038311 0.992827442 0 0.73634087 164.6568 0.044922217 0.137733535 0.015691098 53827.2 1900.8 14515.2 25641.29032 20217.6 0.035635 78.246
36100 730060 12.36020271 9.003284395 10.15959769 0.015 0.030195838 0.648011158 0.667496419 1.481643148 0.952362181 0.866056779 0.008791929 0.015924846 0.162180673 0.039330168 0.253528129 0.021257168 0.998152267 0 0.74400087 162.9432 0.044161866 0.136630253 0.015325187 49420.8 1900.8 12009.6 34560 16243.2 0.039098 110.65572
36101 730061 12.195 9.003333333 10.135 0.015 0.030666667 0.646 0.668666667 1.479933333 0.94 0.875505 0.008814917 0.0155 0.16 0.0375 0.253575 0.021333333 1 0 0.746666667 161.2422 0.043388711 0.135504102 0.014946449 45100.8 1900.8 12009.6 34560 16243.2 0.04268 67.72248
36102 730062 12.02897303 8.9993545 10.1071234 0.015 0.031146656 0.647565601 0.668666667 1.481521727 0.930600199 0.890696572 0.008806958 0.015546445 0.157801144 0.035979185 0.253378057 0.021291297 1 0.00141412 0.745195388 159.5538 0.042611289 0.134359836 0.014557926 45100.8 1900.8 12009.6 34560 16243.2 0.05077 61.37208
36103 730063 11.856914 8.987723954 10.07423565 0.015 0.031667305 0.652149349 0.668666667 1.486163538 0.921424938 0.915991214 0.008783701 0.015682173 0.155440967 0.034473072 0.252801287 0.021168404 1 0.00558615 0.740894139 157.878 0.041838134 0.133202213 0.014162657 53827.2 2505.6 16588.8 34560 16243.2 0.067413 63.36792
36104 730064 11.67939459 8.968900623 10.03668418 0.015 0.032225355 0.65958166 0.668666667 1.49367371 0.912477078 0.950759424 0.008746072 0.015901773 0.152932904 0.032983416 0.251865776 0.02096948 1 0.012410597 0.733931801 156.2274 0.041077783 0.132035987 0.013763682 214272 12441.6 20649.6 34560 16243.2 0.092085 122.08644
36105 730065 11.49698648 8.94334344 9.994816444 0.015 0.032817549 0.669692949 0.668666667 1.503867188 0.903759479 0.9943717 0.008694998 0.016199833 0.150290395 0.03151197 0.250592612 0.02069935 1 0.02178197 0.724477255 154.5894 0.040338769 0.130865916 0.013364043 117504 6480 14515.2 34560 16243.2 0.12426 112.22064
36106 730066 11.31026137 8.911511332 9.948979871 0.015 0.033440628 0.682313633 0.668666667 1.516558917 0.895275003 1.046198538 0.008631407 0.016570943 0.147526875 0.030060488 0.249002882 0.020362839 1 0.033594774 0.712699382 152.9766 0.03962963 0.129696755 0.01296678 80179.2 5270.4 14515.2 34560 16243.2 0.16341 95.27868
36107 730067 11.11979094 8.873863229 9.8995219 0.015 0.034091333 0.697274128 0.668666667 1.53156384 0.88702651 1.105610437 0.008556226 0.017009691 0.144655782 0.028630726 0.247117673 0.019964773 1 0.047743517 0.698767063 151.3764 0.038958899 0.12853326 0.012574933 61084.8 4233.6 12009.6 34560 16243.2 0.20902 51.75576
36108 730068 10.92614688 8.830858063 9.846789969 0.015 0.034766407 0.714404851 0.668666667 1.548696902 0.879016863 1.171977894 0.008470382 0.017510667 0.141690553 0.027224436 0.244958073 0.019509977 1 0.064122706 0.68284918 149.7888 0.038335112 0.127380187 0.012191543 41385.6 4233.6 9244.8 34560 16243.2 0.26056 36.94572
36109 730069 10.72990087 8.782954761 9.791131518 0.015 0.035462591 0.733536216 0.668666667 1.567773048 0.871248921 1.244671407 0.008374802 0.018068459 0.138644626 0.025843373 0.242545167 0.019003275 1 0.082626848 0.665114614 148.2264 0.037766804 0.126242292 0.01181965 50457.6 4233.6 9244.8 34560 16243.2 0.3175 98.13636
36110 730070 10.5316246 8.730612255 9.732893982 0.015 0.036176627 0.754498641 0.668666667 1.588607222 0.863725545 1.323061473 0.008270414 0.018677656 0.135531437 0.024489291 0.239900044 0.018449493 1 0.103150451 0.645732245 146.6892 0.037262511 0.125124331 0.011462295 55296 3369.6 9244.8 34560 16243.2 0.37932 112.06188
36111 730071 10.33188976 8.674289473 9.672424801 0.015 0.036905256 0.777122541 0.668666667 1.611014368 0.856449598 1.40651859 0.008158145 0.019332847 0.132364424 0.023163944 0.237043791 0.017853456 1 0.125588021 0.624870956 145.1646 0.036830768 0.124031061 0.011122518 50457.6 3369.6 9244.8 34560 16243.2 0.4455 118.23084
36112 730072 10.13126804 8.614445345 9.610071413 0.015 0.03764522 0.801238333 0.668666667 1.634809431 0.849423939 1.494413255 0.008038922 0.020028622 0.129157023 0.021869086 0.233997495 0.017219989 1 0.149834066 0.602699626 143.6652 0.03648011 0.122967236 0.010803359 41385.6 3369.6 9244.8 34560 16243.2 0.51551 96.82092
36113 730073 9.930331116 8.551538802 9.546181255 0.015 0.038393261 0.826676432 0.668666667 1.659807356 0.842651429 1.586115965 0.007913671 0.020759569 0.125922673 0.020606472 0.230782242 0.016553918 1 0.175783092 0.579387137 142.1784 0.036219072 0.121937614 0.01050786 41385.6 3369.6 9244.8 34560 16243.2 0.58882 85.9572
36114 730074 9.729650682 8.486028773 9.481101765 0.015 0.039146121 0.853267256 0.668666667 1.685823086 0.836134931 1.680997219 0.007783322 0.021520276 0.12267481 0.019377855 0.227419121 0.015860068 1 0.203329607 0.555102371 140.7294 0.036056191 0.12094695 0.01023906 41385.6 2505.6 9244.8 34560 16243.2 0.66492 16.28424
36115 730075 9.529798422 8.418374188 9.415180382 0.015 0.039900541 0.880841219 0.668666667 1.712671566 0.829877304 1.778427515 0.007648799 0.022305333 0.119426872 0.01818499 0.223929218 0.015143263 1 0.232368118 0.530014208 139.2804 0.036 0.12 0.01 41385.6 2505.6 9244.8 34560 16243.2 0.74327 13.58532
36116 730076 9.331346025 8.349033976 9.348764544 0.015 0.040653263 0.909228737 0.668666667 1.740167741 0.82388141 1.877777348 0.007511032 0.023109329 0.116192296 0.017029631 0.22033362 0.014408329 1 0.262793132 0.50429153 137.8692 0.036044825 0.119063062 0.009773803 41385.6 2505.6 9244.8 34560 16243.2 0.82336 24.24492
36117 730077 9.134865176 8.278467067 9.282201688 0.015 0.041401029 0.938260228 0.668666667 1.768126554 0.818150109 1.978417218 0.007370946 0.023926853 0.112984518 0.015913531 0.216653415 0.013660092 1 0.294499156 0.478103217 136.4832 0.036174927 0.118101603 0.009542248 41385.6 2505.6 9244.8 34560 16243.2 0.90465 20.09448
36118 730078 8.940927562 8.207132392 9.215839253 0.015 0.04214058 0.967766108 0.668666667 1.796362951 0.812686263 2.079717621 0.00722947 0.024752494 0.109816976 0.014838446 0.212909689 0.012903376 1 0.327380697 0.451618151 135.1098 0.036383746 0.117119135 0.009306361 41385.6 2505.6 12009.6 34560 16243.2 0.98663 24.06348
36119 730079 8.750104871 8.135488879 9.150024676 0.015 0.042868658 0.997576791 0.668666667 1.824691876 0.807492733 2.181049055 0.00708753 0.02558084 0.106703108 0.013806129 0.20912353 0.012143006 1 0.361332263 0.425005213 133.7742 0.036664723 0.116119169 0.009067166 41385.6 2505.6 12009.6 34560 16243.2 1.0688 31.5252
36120 730080 8.562968788 8.063995459 9.085105396 0.015 0.043582005 1.027522695 0.668666667 1.852928273 0.80257238 2.281782018 0.006946054 0.02640648 0.10365635 0.012818334 0.205316026 0.011383808 1 0.39624836 0.398433284 132.4512 0.037011297 0.115105216 0.00882569 41385.6 2505.6 12009.6 34560 16243.2 1.1505 44.04456
36121 730081 8.380091001 7.993111061 9.02142885 0.015 0.044277362 1.057434235 0.668666667 1.880887087 0.797928064 2.381287008 0.006805968 0.027224004 0.10069014 0.011876815 0.201508262 0.010630607 1 0.432023496 0.372071246 131.1534 0.03741691 0.114080788 0.008582957 41385.6 2505.6 12009.6 34560 16243.2 1.2314 21.4326
36122 730082 8.202043196 7.923294615 8.959342477 0.015 0.044951472 1.087141828 0.668666667 1.908383262 0.793562647 2.478934521 0.006668201 0.028028 0.097817915 0.010983327 0.197721327 0.009888228 1 0.468552177 0.346087979 129.8934 0.037875 0.113049396 0.008339992 41385.6 1900.8 12009.6 34560 16243.2 1.3109 12.99564
36123 730083 8.02939706 7.855005051 8.899193715 0.015 0.045601075 1.116475889 0.668666667 1.935231742 0.78947899 2.574095055 0.006533678 0.028813057 0.095053112 0.010139623 0.193976307 0.009161496 1 0.505728911 0.320652364 128.646 0.038379009 0.112014552 0.008097822 41385.6 1900.8 12009.6 34560 16243.2 1.3884 11.4534
36124 730084 7.862724281 7.788701298 8.841330001 0.015 0.046222914 1.145266836 0.668666667 1.961247472 0.785679953 2.666139109 0.006403329 0.029573765 0.092409168 0.009347458 0.190294289 0.008455237 1 0.543448205 0.295933283 127.4364 0.038922376 0.110979765 0.00785747 41385.6 1900.8 12009.6 34560 16243.2 1.4634 9.43488
36125 730085 7.702596544 7.724842287 8.786098774 0.015 0.04681373 1.173345083 0.668666667 1.986245396 0.782168398 2.754437179 0.006278078 0.030304711 0.08989952 0.008608586 0.186696361 0.007774275 1 0.581604567 0.272099616 126.2394 0.039498542 0.109948549 0.007619963 41385.6 1900.8 12009.6 34560 16243.2 1.5355 12.18350298
36126 730086 7.549585536 7.663886947 8.733847472 0.015 0.047370266 1.200541047 0.668666667 2.010040459 0.778947186 2.838359762 0.006158855 0.031000486 0.087537606 0.007924761 0.183203611 0.007123436 1 0.620092502 0.249320246 125.0802 0.040100948 0.108924414 0.007386325 41385.6 1900.8 9244.8 34560 16243.2 1.6041 4.85352
36127 730087 7.404262945 7.606294208 8.684923532 0.015 0.047889261 1.226685144 0.668666667 2.032447606 0.776019177 2.917277358 0.006046586 0.031655677 0.085336863 0.007297737 0.179837124 0.006507544 1 0.658806518 0.227764053 123.9462 0.040723032 0.107910871 0.007157582 50457.6 1900.8 9244.8 34560 16243.2 1.6686 9.09468
36128 730088 7.267200456 7.552522999 8.639674393 0.015 0.04836746 1.251607791 0.668666667 2.05328178 0.773387234 2.990560462 0.005942198 0.032264875 0.083310728 0.006729268 0.176617988 0.005931426 1 0.697641123 0.207599918 122.84118 0.041358236 0.106911433 0.00693476 50457.6 1900.8 9244.8 34560 16243.2 1.7285 14.69664
36129 730089 7.138969758 7.50303225 8.598447492 0.015 0.048801602 1.275139403 0.668666667 2.072357926 0.771054216 3.057579574 0.005846618 0.032822667 0.081472638 0.006221109 0.17356729 0.005399906 1 0.736490824 0.188996722 121.76388 0.042 0.105929609 0.006718882 50457.6 1900.8 9244.8 34560 16243.2 1.7834 73.84608
36130 730090 7.020142535 7.458280892 8.561590269 0.015 0.04918843 1.297110396 0.668666667 2.089490988 0.769022984 3.117705189 0.005760774 0.033323642 0.079836031 0.005775013 0.170706118 0.00491781 1 0.775250127 0.172123346 120.71682 0.042641764 0.104968912 0.006510975 50457.6 1900.8 9244.8 34560 16243.2 1.8326 64.32048
36131 730091 6.911290476 7.418727854 8.52945016 0.015 0.049524685 1.317351186 0.668666667 2.104495911 0.767296401 3.170307806 0.005685593 0.033762391 0.078414343 0.005392734 0.168055559 0.004489962 1 0.81381354 0.157148672 119.7 0.043276968 0.104032853 0.006312064 50457.6 1900.8 9244.8 34560 16243.2 1.8758 33.1776
36132 730092 6.812985267 7.384832065 8.502374604 0.015 0.04980711 1.335692191 0.668666667 2.117187639 0.765877326 3.214757923 0.005622002 0.0341335 0.077221012 0.005076028 0.165636699 0.004121188 1 0.85207557 0.144241581 118.70586 0.043899052 0.103124942 0.006123174 50457.6 1900.8 9244.8 34560 16243.2 1.9122 63.98028
36133 730093 6.725798595 7.357052455 8.480711038 0.015 0.050032445 1.351963825 0.668666667 2.127381118 0.764768621 3.250426036 0.005570928 0.034431561 0.076269475 0.004826647 0.163470626 0.003816313 1 0.889930724 0.133570954 117.72558 0.044501458 0.102248692 0.005945331 50457.6 1900.8 9244.8 34560 16243.2 1.9415 26.082
36134 730094 6.650302146 7.335847955 8.464806902 0.015 0.050197433 1.365996505 0.668666667 2.13489129 0.763973146 3.276682644 0.005533299 0.03465116 0.075573169 0.004646346 0.161578427 0.003580162 1 0.927273509 0.125305672 116.75916 0.045077624 0.101407614 0.005779559 50457.6 2505.6 12009.6 34560 16243.2 1.963 35.17668
36135 730095 6.587067608 7.321677493 8.455009632 0.015 0.050298815 1.377620647 0.668666667 2.139533101 0.763493763 3.292898244 0.005510042 0.034786888 0.075145532 0.004536879 0.159981189 0.00341756 1 0.963998432 0.119614616 115.8066 0.045620991 0.100605218 0.005626884 50457.6 1900.8 9244.8 34560 16243.2 1.9763 38.57868
36136 730096 6.536666667 7.315 8.451666667 0.015 0.050333333 1.386666667 0.668666667 2.141121494 0.763333333 3.298443333 0.005502083 0.034833333 0.075 0.0045 0.1587 0.003333333 1 1 0.116666667 114.8679 0.046125 0.099845017 0.005488331 50457.6 1900.8 9244.8 34560 16243.2 1.9809 28.19124
